0 -1.15619 1.15637
1 -1.00079 1.00099
2 -1.00154 1.0019
3 -1.00211 1.00272
4 -1.00261 1.00347
5 -1.00304 1.004
6 -1.00337 1.00435
7 -1.00358 1.0046
8 -1.00388 1.00471
9 -1.00444 1.00473
10 -1.00491 1.00478
11 -1.00531 1.00498
12 -1.00563 1.0056
13 -1.00576 1.00636
14 -1.00583 1.00699
15 -1.00598 1.00745
16 -1.00617 1.00788
17 -1.00626 1.00811
18 -1.00652 1.00817
19 -1.00664 1.00814
20 -1.00672 1.00795
21 -1.00689 1.00755
22 -1.00705 1.00726
23 -1.00712 1.00702
24 -1.00712 1.00728
25 -1.00694 1.00759
26 -1.00681 1.00784
27 -1.00658 1.00803
28 -1.00663 1.00808
29 -1.00668 1.00796
30 -1.00665 1.0076
31 -1.0065 1.00709
32 -1.00624 1.00655
33 -1.00588 1.00588
34 -1.00536 1.00518
35 -1.00512 1.00486
36 -1.00493 1.00473
37 -1.00474 1.00475
38 -1.00446 1.00461
39 -1.00397 1.00429
40 -1.00335 1.00382
41 -1.0027 1.00325
42 -1.00215 1.00265
43 -1.00173 1.00189
44 -1.00138 1.00099
45 -1.00082 1.00022
46 -1.00022 0.999631
47 -0.999471 0.999118
48 -0.998687 0.998621
49 -0.997923 0.998082
50 -0.997217 0.997288
51 -0.996493 0.996328
52 -0.995829 0.995559
53 -0.995073 0.994676
54 -0.994306 0.993909
55 -0.993536 0.993293
56 -0.992883 0.992815
57 -0.992055 0.992347
58 -0.991193 0.991745
59 -0.990196 0.99093
60 -0.989046 0.989991
61 -0.988111 0.988957
62 -0.987304 0.987806
63 -0.986441 0.986548
64 -0.985517 0.98525
65 -0.984431 0.984116
66 -0.983281 0.983345
67 -0.98199 0.982631
68 -0.980747 0.981787
69 -0.979686 0.980876
70 -0.978714 0.979816
71 -0.977613 0.978587
72 -0.976359 0.977243
73 -0.975037 0.975729
74 -0.973591 0.974154
75 -0.972166 0.97259
76 -0.970823 0.971274
77 -0.969684 0.970284
78 -0.96841 0.969242
79 -0.966997 0.968094
80 -0.965486 0.966812
81 -0.963884 0.965377
82 -0.962224 0.96384
83 -0.960772 0.962084
84 -0.959409 0.960191
85 -0.957915 0.958403
86 -0.956323 0.95672
87 -0.954708 0.955441
88 -0.953037 0.954142
89 -0.951445 0.952764
90 -0.949811 0.951206
91 -0.948172 0.949593
92 -0.946461 0.947765
93 -0.944606 0.945767
94 -0.942995 0.943683
95 -0.941377 0.941667
96 -0.939735 0.939755
97 -0.938077 0.938238
98 -0.936258 0.936657
99 -0.934297 0.935007
100 -0.932314 0.933243
101 -0.930486 0.931395
102 -0.9288 0.929332
103 -0.927086 0.927203
104 -0.925177 0.924914
105 -0.923149 0.922689
106 -0.921067 0.920597
107 -0.918975 0.918848
108 -0.91703 0.917033
109 -0.915236 0.915127
110 -0.913285 0.913174
111 -0.911189 0.911131
112 -0.909018 0.908863
113 -0.906836 0.906433
114 -0.904582 0.904047
115 -0.902613 0.901755
116 -0.900608 0.89964
117 -0.898504 0.897736
118 -0.896271 0.89568
119 -0.894018 0.893515
120 -0.891638 0.891318
121 -0.889387 0.888948
122 -0.887243 0.886538
123 -0.885106 0.884193
124 -0.882905 0.882055
125 -0.880593 0.880051
126 -0.878108 0.878042
127 -0.875624 0.875923
128 -0.873371 0.873721
129 -0.871128 0.871436
130 -0.868943 0.868933
131 -0.866542 0.866371
132 -0.864072 0.863795
133 -0.861522 0.861355
134 -0.859023 0.859252
135 -0.856695 0.857082
136 -0.854397 0.854897
137 -0.852001 0.852715
138 -0.849523 0.850284
139 -0.846928 0.847602
140 -0.844481 0.844901
141 -0.842004 0.842223
142 -0.839474 0.839698
143 -0.837046 0.837483
144 -0.834525 0.835278
145 -0.831958 0.832952
146 -0.829503 0.830559
147 -0.827012 0.828017
148 -0.82446 0.825256
149 -0.82181 0.822442
150 -0.819178 0.819687
151 -0.816689 0.817124
152 -0.814226 0.814905
153 -0.8117 0.812571
154 -0.809102 0.81013
155 -0.806509 0.8076
156 -0.803819 0.804951
157 -0.801117 0.802147
158 -0.798681 0.799222
159 -0.79615 0.796466
160 -0.793568 0.794031
161 -0.790944 0.791744
162 -0.788233 0.789337
163 -0.785424 0.786753
164 -0.782929 0.784109
165 -0.780411 0.781368
166 -0.777884 0.778446
167 -0.77527 0.77557
168 -0.772455 0.772984
169 -0.769672 0.77064
170 -0.767142 0.768254
171 -0.76464 0.765791
172 -0.762125 0.763095
173 -0.759491 0.760313
174 -0.756664 0.757472
175 -0.753918 0.754521
176 -0.751394 0.751978
177 -0.748906 0.749567
178 -0.746369 0.747196
179 -0.743693 0.744747
180 -0.740914 0.74211
181 -0.738228 0.739309
182 -0.735761 0.736435
183 -0.733293 0.733662
184 -0.730703 0.73109
185 -0.728013 0.728738
186 -0.725287 0.726368
187 -0.722765 0.723882
188 -0.720274 0.721322
189 -0.717837 0.718599
190 -0.715228 0.71573
191 -0.712588 0.713031
192 -0.710019 0.710554
193 -0.707538 0.70833
194 -0.705083 0.705982
195 -0.702607 0.703514
196 -0.700201 0.700942
197 -0.697725 0.698266
198 -0.69522 0.69556
199 -0.692712 0.692978
200 -0.690274 0.690693
201 -0.688082 0.688498
202 -0.685789 0.686232
203 -0.683383 0.683809
204 -0.680941 0.681258
205 -0.678446 0.67864
206 -0.676353 0.676063
207 -0.674181 0.673792
208 -0.671919 0.671661
209 -0.669589 0.669482
210 -0.667179 0.66729
211 -0.665002 0.664929
212 -0.662994 0.662407
213 -0.660861 0.659959
214 -0.658682 0.658119
215 -0.656431 0.656214
216 -0.654193 0.654286
217 -0.652249 0.65218
218 -0.650307 0.649954
219 -0.648261 0.647776
220 -0.646155 0.645827
221 -0.643983 0.644187
222 -0.642078 0.642494
223 -0.640278 0.640681
224 -0.638369 0.63867
225 -0.636474 0.636721
226 -0.634381 0.634627
227 -0.632507 0.632973
228 -0.630836 0.631429
229 -0.629116 0.62992
230 -0.627323 0.628302
231 -0.625458 0.626526
232 -0.623689 0.624624
233 -0.622119 0.622877
234 -0.620499 0.621299
235 -0.618958 0.620066
236 -0.617482 0.618694
237 -0.615946 0.617213
238 -0.614341 0.615631
239 -0.613083 0.613972
240 -0.61182 0.612348
241 -0.610494 0.611154
242 -0.609095 0.610022
243 -0.607688 0.608867
244 -0.606623 0.607628
245 -0.605463 0.606152
246 -0.604315 0.604701
247 -0.603094 0.603425
248 -0.601875 0.602532
249 -0.600966 0.601615
250 -0.599985 0.600572
251 -0.598978 0.599394
252 -0.597893 0.598233
253 -0.596904 0.596994
254 -0.59615 0.596238
255 -0.595363 0.59552
256 -0.594539 0.594723
257 -0.593605 0.593857
258 -0.592935 0.592916
259 -0.592253 0.592112
260 -0.59182 0.591828
261 -0.591372 0.591413
262 -0.590876 0.591014
263 -0.590323 0.590548
264 -0.589946 0.589958
265 -0.589764 0.589809
266 -0.589424 0.589727
267 -0.589104 0.589675
268 -0.588712 0.589476
269 -0.588622 0.589122
270 -0.588555 0.588842
271 -0.588454 0.588768
272 -0.588259 0.589001
273 -0.588062 0.589151
274 -0.588175 0.589223
275 -0.588332 0.589105
276 -0.588337 0.589099
277 -0.588377 0.589098
278 -0.588495 0.589514
279 -0.588684 0.589898
280 -0.589244 0.590241
281 -0.589629 0.590463
282 -0.589989 0.59055
283 -0.59035 0.590769
284 -0.590882 0.591329
285 -0.591572 0.591917
286 -0.5922 0.592563
287 -0.592674 0.592996
288 -0.593253 0.593312
289 -0.59392 0.593725
290 -0.594842 0.594498
291 -0.595605 0.59529
292 -0.596272 0.596079
293 -0.596984 0.596754
294 -0.59789 0.59759
295 -0.598931 0.598799
296 -0.599896 0.60004
297 -0.600714 0.601202
298 -0.601707 0.602198
299 -0.602871 0.603138
300 -0.604029 0.604318
301 -0.605297 0.605731
302 -0.606501 0.607218
303 -0.607643 0.60855
304 -0.609059 0.609689
305 -0.610541 0.610913
306 -0.611975 0.612203
307 -0.613255 0.613848
308 -0.614606 0.615474
309 -0.616236 0.616948
310 -0.617798 0.618358
311 -0.619396 0.619727
312 -0.620818 0.621242
313 -0.622343 0.623057
314 -0.624113 0.624761
315 -0.625822 0.626486
316 -0.627522 0.628049
317 -0.62908 0.629574
318 -0.630773 0.631304
319 -0.63271 0.633237
320 -0.634533 0.635164
321 -0.636319 0.637013
322 -0.63804 0.638712
323 -0.640006 0.640357
324 -0.641968 0.6423
325 -0.643894 0.644428
326 -0.645759 0.646493
327 -0.647803 0.648445
328 -0.649912 0.650255
329 -0.651898 0.652131
330 -0.653863 0.654219
331 -0.655848 0.656502
332 -0.657805 0.658655
333 -0.659724 0.660674
334 -0.661678 0.662686
335 -0.663587 0.664675
336 -0.665419 0.666959
337 -0.667159 0.669326
338 -0.668796 0.671566
339 -0.670417 0.673764
340 -0.672007 0.675929
341 -0.673574 0.678441
342 -0.675208 0.680944
343 -0.676839 0.683463
344 -0.678509 0.685821
345 -0.680275 0.68808
346 -0.68203 0.69038
347 -0.683675 0.692956
348 -0.685239 0.695585
349 -0.686668 0.698174
350 -0.687958 0.700566
351 -0.689233 0.702871
352 -0.690487 0.705325
353 -0.691733 0.707974
354 -0.692943 0.710639
355 -0.694198 0.713246
356 -0.695591 0.715706
357 -0.696965 0.718072
358 -0.698349 0.720566
359 -0.699661 0.723313
360 -0.700821 0.726031
361 -0.70194 0.728618
362 -0.703061 0.731129
363 -0.704168 0.733594
364 -0.705171 0.736072
365 -0.706105 0.738879
366 -0.707005 0.74163
367 -0.707949 0.74424
368 -0.708888 0.746773
369 -0.709767 0.749319
370 -0.710634 0.751808
371 -0.711436 0.754612
372 -0.712244 0.757328
373 -0.713136 0.759984
374 -0.714062 0.762578
375 -0.714976 0.765086
376 -0.715786 0.767574
377 -0.716466 0.770379
378 -0.717111 0.773102
379 -0.71772 0.775812
380 -0.71824 0.778373
381 -0.71862 0.780814
382 -0.718946 0.783353
383 -0.719338 0.786155
384 -0.719846 0.788839
385 -0.720427 0.791541
386 -0.72098 0.794091
387 -0.721565 0.796517
388 -0.722084 0.799059
389 -0.722515 0.801746
390 -0.722878 0.804475
391 -0.72316 0.807122
392 -0.723368 0.809654
393 -0.723447 0.812051
394 -0.723487 0.814533
395 -0.723563 0.81718
396 -0.723739 0.819906
397 -0.723881 0.822515
398 -0.723932 0.824955
399 -0.723994 0.82731
400 -0.72409 0.829753
401 -0.724172 0.832331
402 -0.72416 0.835012
403 -0.724181 0.837554
404 -0.724198 0.839969
405 -0.724145 0.842223
406 -0.724063 0.844644
407 -0.723887 0.847158
408 -0.72365 0.849767
409 -0.723361 0.852201
410 -0.722965 0.854511
411 -0.722498 0.856737
412 -0.722052 0.859078
413 -0.721692 0.861531
414 -0.721368 0.864038
415 -0.721048 0.866385
416 -0.720818 0.868571
417 -0.720575 0.870773
418 -0.720235 0.872967
419 -0.719774 0.87537
420 -0.719201 0.877726
421 -0.718643 0.880028
422 -0.717941 0.882334
423 -0.717091 0.88454
424 -0.716275 0.88674
425 -0.715562 0.88896
426 -0.71484 0.891369
427 -0.714139 0.893739
428 -0.71345 0.895996
429 -0.712671 0.89818
430 -0.711884 0.900287
431 -0.711128 0.902387
432 -0.710348 0.904568
433 -0.709487 0.906876
434 -0.708626 0.909093
435 -0.707681 0.911161
436 -0.706656 0.913185
437 -0.705666 0.915111
438 -0.704624 0.917193
439 -0.703455 0.919442
440 -0.702133 0.921533
441 -0.700811 0.923462
442 -0.699606 0.92537
443 -0.69844 0.927153
444 -0.697314 0.929169
445 -0.69619 0.931241
446 -0.695062 0.933175
447 -0.693945 0.935008
448 -0.692765 0.936746
449 -0.691541 0.938453
450 -0.690188 0.940326
451 -0.68858 0.942268
452 -0.686985 0.944044
453 -0.685433 0.945763
454 -0.683808 0.947425
455 -0.682267 0.948938
456 -0.680735 0.950631
457 -0.679141 0.95245
458 -0.677551 0.954126
459 -0.676034 0.95569
460 -0.67449 0.957166
461 -0.672882 0.958575
462 -0.671231 0.960151
463 -0.66955 0.961773
464 -0.667858 0.963273
465 -0.666178 0.964731
466 -0.66443 0.966052
467 -0.662569 0.967315
468 -0.6606 0.968685
469 -0.658568 0.970185
470 -0.656539 0.971564
471 -0.654438 0.972848
472 -0.652362 0.974069
473 -0.650377 0.975149
474 -0.648455 0.976342
475 -0.64656 0.977668
476 -0.644636 0.978899
477 -0.642738 0.980014
478 -0.640824 0.981028
479 -0.638711 0.981983
480 -0.636502 0.983005
481 -0.63426 0.984172
482 -0.631902 0.98522
483 -0.629537 0.986184
484 -0.627191 0.987051
485 -0.624823 0.98779
486 -0.622518 0.988672
487 -0.620152 0.989665
488 -0.617715 0.990509
489 -0.615348 0.99137
490 -0.613019 0.99232
491 -0.610692 0.993193
492 -0.608275 0.994018
493 -0.605841 0.994846
494 -0.603465 0.995769
495 -0.601106 0.996673
496 -0.598647 0.997548
497 -0.596033 0.99826
498 -0.593321 0.998945
499 -0.590515 0.999475
500 -0.587672 1.00031
501 -0.584854 1.00106
502 -0.582057 1.00173
503 -0.579344 1.0023
504 -0.576605 1.00273
505 -0.573883 1.00315
506 -0.571294 1.00381
507 -0.568729 1.00438
508 -0.566043 1.00482
509 -0.563186 1.00521
510 -0.56028 1.00547
511 -0.557387 1.00574
512 -0.55448 1.00621
513 -0.551502 1.00658
514 -0.548478 1.00685
515 -0.545399 1.00697
516 -0.542279 1.0071
517 -0.539177 1.0072
518 -0.536058 1.00749
519 -0.532914 1.00769
520 -0.52979 1.00777
521 -0.526667 1.0078
522 -0.523621 1.0077
523 -0.520647 1.0076
524 -0.517685 1.00773
525 -0.514702 1.00775
526 -0.51156 1.00766
527 -0.508318 1.00743
528 -0.505033 1.0072
529 -0.501653 1.00692
530 -0.498154 1.0069
531 -0.494677 1.00669
532 -0.491259 1.00641
533 -0.487788 1.00601
534 -0.484395 1.00558
535 -0.481061 1.00518
536 -0.4777 1.00492
537 -0.474316 1.0046
538 -0.470969 1.0041
539 -0.4676 1.0035
540 -0.464123 1.00291
541 -0.460716 1.00234
542 -0.457328 1.00196
543 -0.453905 1.00136
544 -0.450393 1.0007
545 -0.44673 0.999986
546 -0.44303 0.999308
547 -0.439276 0.998727
548 -0.43547 0.99811
549 -0.431672 0.99767
550 -0.427891 0.997166
551 -0.424133 0.996559
552 -0.420455 0.995888
553 -0.416896 0.995112
554 -0.413382 0.994352
555 -0.409814 0.993661
556 -0.406193 0.993062
557 -0.402442 0.992349
558 -0.400886 0.991388
559 -0.399886 0.990485
560 -0.398784 0.989527
561 -0.397815 0.988766
562 -0.396741 0.987927
563 -0.395576 0.986946
564 -0.394447 0.985843
565 -0.39337 0.98474
566 -0.392296 0.983677
567 -0.391326 0.982765
568 -0.390221 0.981723
569 -0.389083 0.980529
570 -0.387944 0.979251
571 -0.386803 0.978
572 -0.385544 0.976829
573 -0.384267 0.975706
574 -0.383097 0.974505
575 -0.381791 0.973216
576 -0.380408 0.971751
577 -0.379111 0.970368
578 -0.377881 0.969044
579 -0.37665 0.967779
580 -0.375439 0.966428
581 -0.374078 0.964861
582 -0.37275 0.963259
583 -0.371417 0.961794
584 -0.370054 0.960353
585 -0.368597 0.958886
586 -0.367162 0.9573
587 -0.365756 0.95562
588 -0.364285 0.953869
589 -0.362762 0.952323
590 -0.361307 0.950736
591 -0.359853 0.949094
592 -0.35844 0.947289
593 -0.357016 0.945398
594 -0.35546 0.943653
595 -0.353931 0.941986
596 -0.352435 0.940218
597 -0.350892 0.93836
598 -0.349257 0.936415
599 -0.347671 0.934402
600 -0.346037 0.932659
601 -0.344416 0.930765
602 -0.342698 0.928858
603 -0.341084 0.926855
604 -0.339502 0.924744
605 -0.337852 0.922698
606 -0.336273 0.920834
607 -0.334551 0.918849
608 -0.332819 0.916744
609 -0.33115 0.914593
610 -0.329384 0.912376
611 -0.327562 0.910369
612 -0.325795 0.908331
613 -0.323991 0.906149
614 -0.322148 0.90397
615 -0.320451 0.901793
616 -0.318634 0.899692
617 -0.316845 0.897563
618 -0.315063 0.895333
619 -0.313226 0.893322
620 -0.311342 0.891287
621 -0.309456 0.889137
622 -0.307639 0.886897
623 -0.305669 0.884595
624 -0.303673 0.882356
625 -0.301735 0.880316
626 -0.299771 0.878145
627 -0.297916 0.875807
628 -0.296001 0.873457
629 -0.293995 0.87111
630 -0.292049 0.868874
631 -0.290124 0.866666
632 -0.288086 0.864341
633 -0.286034 0.861913
634 -0.284026 0.859415
635 -0.281969 0.857089
636 -0.279926 0.854801
637 -0.277787 0.852499
638 -0.275689 0.85005
639 -0.273612 0.847475
640 -0.271617 0.844982
641 -0.269562 0.842628
642 -0.267451 0.840235
643 -0.265315 0.837836
644 -0.263243 0.835287
645 -0.261077 0.832642
646 -0.258895 0.830239
647 -0.25668 0.827815
648 -0.254574 0.825353
649 -0.252296 0.822755
650 -0.250105 0.820067
651 -0.247931 0.817589
652 -0.245714 0.81515
653 -0.243586 0.812592
654 -0.241368 0.809963
655 -0.239096 0.807274
656 -0.236852 0.80471
657 -0.234647 0.802258
658 -0.232304 0.799687
659 -0.229986 0.797009
660 -0.227682 0.794325
661 -0.22535 0.791707
662 -0.223111 0.78922
663 -0.220852 0.78668
664 -0.218504 0.783927
665 -0.216202 0.781247
666 -0.213885 0.778592
667 -0.211566 0.776118
668 -0.209106 0.773539
669 -0.206806 0.770783
670 -0.204427 0.768049
671 -0.201942 0.765466
672 -0.199592 0.76294
673 -0.197196 0.760349
674 -0.194788 0.757672
675 -0.192489 0.754862
676 -0.190036 0.752351
677 -0.187571 0.74977
678 -0.1852 0.747222
679 -0.182724 0.744514
680 -0.180247 0.741772
681 -0.177731 0.739237
682 -0.175309 0.736728
683 -0.172798 0.73413
684 -0.170364 0.731479
685 -0.167901 0.728775
686 -0.165429 0.726281
687 -0.162928 0.723808
688 -0.16049 0.721185
689 -0.157985 0.718578
690 -0.155379 0.715911
691 -0.152914 0.713435
692 -0.150358 0.711045
693 -0.147778 0.708459
694 -0.145331 0.705809
695 -0.14278 0.703285
696 -0.140224 0.700865
697 -0.137718 0.698485
698 -0.135181 0.695943
699 -0.132579 0.693341
700 -0.129991 0.690905
701 -0.127465 0.688554
702 -0.124862 0.686175
703 -0.122242 0.683719
704 -0.11971 0.681129
705 -0.117108 0.678881
706 -0.114542 0.676561
707 -0.111995 0.674227
708 -0.109395 0.671789
709 -0.106745 0.669366
710 -0.10418 0.667185
711 -0.101512 0.664978
712 -0.0988794 0.662595
713 -0.0963536 0.660274
714 -0.0936843 0.658005
715 -0.0910966 0.655966
716 -0.0884872 0.653807
717 -0.0858359 0.651839
718 -0.0831897 0.649786
719 -0.0805902 0.647718
720 -0.07792 0.645889
721 -0.0753485 0.644031
722 -0.0727022 0.642079
723 -0.0700316 0.640133
724 -0.0674254 0.638323
725 -0.0647758 0.636636
726 -0.0621273 0.634789
727 -0.0595659 0.632945
728 -0.0569235 0.631147
729 -0.0542502 0.629587
730 -0.0516506 0.627941
731 -0.0490255 0.626209
732 -0.0463851 0.624489
733 -0.0438042 0.622954
734 -0.0411981 0.621509
735 -0.0386458 0.619935
736 -0.0360817 0.618284
737 -0.0334985 0.616851
738 -0.0310162 0.61548
739 -0.0284917 0.614063
740 -0.026031 0.612587
741 -0.0236596 0.611158
742 -0.0213526 0.609985
743 -0.0191278 0.608705
744 -0.017047 0.607365
745 -0.0151894 0.606053
746 -0.0135653 0.604937
747 -0.012309 0.603843
748 -0.0116156 0.602679
749 -0.0115597 0.601444
750 -0.0120553 0.600402
751 -0.013175 0.599469
752 -0.014696 0.598504
753 -0.0165089 0.597417
754 -0.0184843 0.596447
755 -0.0205171 0.59561
756 -0.0226511 0.594806
757 -0.0248367 0.593919
758 -0.0270297 0.592999
759 -0.0293934 0.592323
760 -0.031674 0.591678
761 -0.0339781 0.591154
762 -0.0363656 0.59073
763 -0.0386353 0.59026
764 -0.0409912 0.590056
765 -0.0434154 0.589834
766 -0.0459246 0.589594
767 -0.0483539 0.589247
768 -0.0507021 0.589141
769 -0.0532755 0.589142
770 -0.0557509 0.588987
771 -0.0582486 0.588847
772 -0.0606956 0.588806
773 -0.0632038 0.588974
774 -0.0658095 0.589038
775 -0.0683073 0.588987
776 -0.070794 0.589078
777 -0.0733367 0.589333
778 -0.0759634 0.589594
779 -0.0786026 0.589774
780 -0.0811423 0.589909
781 -0.0836187 0.590348
782 -0.0862665 0.590713
783 -0.0889704 0.591073
784 -0.0915449 0.59137
785 -0.0941008 0.591914
786 -0.09662 0.592451
787 -0.0993594 0.592957
788 -0.102054 0.593399
789 -0.104611 0.593994
790 -0.107183 0.594788
791 -0.109739 0.595431
792 -0.112504 0.595978
793 -0.115182 0.596759
794 -0.1178 0.59762
795 -0.120306 0.598623
796 -0.122907 0.599691
797 -0.125652 0.600724
798 -0.128362 0.601839
799 -0.13095 0.60313
800 -0.13345 0.604378
801 -0.136048 0.605552
802 -0.138759 0.606828
803 -0.141466 0.6082
804 -0.144063 0.609568
805 -0.146555 0.610901
806 -0.14916 0.612251
807 -0.151814 0.613797
808 -0.154504 0.615323
809 -0.157058 0.616703
810 -0.15958 0.618215
811 -0.16212 0.619844
812 -0.164793 0.621534
813 -0.167359 0.623054
814 -0.169884 0.624636
815 -0.172428 0.62635
816 -0.174962 0.628154
817 -0.177547 0.629825
818 -0.180051 0.631469
819 -0.182633 0.633315
820 -0.185134 0.635216
821 -0.187603 0.636976
822 -0.190061 0.638794
823 -0.192541 0.640632
824 -0.195127 0.642662
825 -0.197638 0.644608
826 -0.200089 0.646432
827 -0.202445 0.648387
828 -0.204809 0.650479
829 -0.207336 0.652533
830 -0.209844 0.65456
831 -0.212257 0.656461
832 -0.214615 0.658524
833 -0.216991 0.660505
834 -0.219344 0.662339
835 -0.221699 0.664145
836 -0.224072 0.665879
837 -0.226462 0.66747
838 -0.228826 0.66893
839 -0.231156 0.670335
840 -0.233388 0.67181
841 -0.235646 0.673298
842 -0.237992 0.674806
843 -0.240309 0.676411
844 -0.242573 0.677982
845 -0.244803 0.679485
846 -0.247079 0.681016
847 -0.249264 0.6826
848 -0.251455 0.684281
849 -0.253681 0.685986
850 -0.255958 0.687642
851 -0.258108 0.689232
852 -0.260276 0.690932
853 -0.262397 0.692615
854 -0.264563 0.694097
855 -0.266648 0.695491
856 -0.268812 0.696717
857 -0.270924 0.697897
858 -0.273103 0.69907
859 -0.275186 0.700159
860 -0.277222 0.701204
861 -0.279276 0.702177
862 -0.281367 0.70307
863 -0.283333 0.703865
864 -0.285346 0.704603
865 -0.287383 0.705389
866 -0.289477 0.706219
867 -0.29151 0.707039
868 -0.293442 0.707968
869 -0.295442 0.708941
870 -0.297395 0.70992
871 -0.299325 0.710931
872 -0.301155 0.711925
873 -0.30311 0.712951
874 -0.305068 0.713941
875 -0.307028 0.714861
876 -0.308877 0.715804
877 -0.310799 0.716786
878 -0.312683 0.717701
879 -0.314445 0.718532
880 -0.316265 0.719267
881 -0.318087 0.71977
882 -0.319888 0.720111
883 -0.321681 0.7205
884 -0.323505 0.720904
885 -0.32532 0.721157
886 -0.327092 0.72132
887 -0.328805 0.721489
888 -0.330522 0.721627
889 -0.332261 0.72176
890 -0.333955 0.721855
891 -0.335595 0.72191
892 -0.337334 0.722002
893 -0.339054 0.722173
894 -0.34072 0.722412
895 -0.342301 0.722719
896 -0.343993 0.723076
897 -0.34561 0.723458
898 -0.34712 0.723787
899 -0.348681 0.724021
900 -0.350342 0.724268
901 -0.351927 0.72455
902 -0.353474 0.724782
903 -0.354993 0.724966
904 -0.356578 0.725145
905 -0.358046 0.72518
906 -0.35947 0.725088
907 -0.360955 0.724839
908 -0.362392 0.724493
909 -0.363864 0.724143
910 -0.365307 0.723696
911 -0.366747 0.723112
912 -0.368254 0.722502
913 -0.369575 0.721942
914 -0.370934 0.721363
915 -0.372308 0.720741
916 -0.373601 0.720066
917 -0.374892 0.719308
918 -0.376202 0.718616
919 -0.377546 0.718037
920 -0.378874 0.71757
921 -0.380174 0.717182
922 -0.381403 0.716709
923 -0.382702 0.716297
924 -0.38395 0.715893
925 -0.385063 0.715459
926 -0.386238 0.715014
927 -0.387432 0.714528
928 -0.388597 0.714115
929 -0.389734 0.713621
930 -0.390937 0.713008
931 -0.392112 0.712408
932 -0.39317 0.711709
933 -0.394237 0.71081
934 -0.395287 0.709834
935 -0.396345 0.708748
936 -0.397341 0.707526
937 -0.398413 0.706305
938 -0.39949 0.705049
939 -0.400526 0.70373
940 -0.401423 0.702375
941 -0.40242 0.700978
942 -0.403346 0.699428
943 -0.404298 0.69781
944 -0.405121 0.696336
945 -0.406016 0.694977
946 -0.407001 0.693633
947 -0.40785 0.692261
948 -0.40869 0.69093
949 -0.40958 0.689699
950 -0.410406 0.688503
951 -0.411158 0.687277
952 -0.411907 0.686069
953 -0.41267 0.684867
954 -0.413423 0.683677
955 -0.414164 0.682547
956 -0.414928 0.681422
957 -0.415679 0.680251
958 -0.416462 0.678971
959 -0.417023 0.677567
960 -0.417703 0.676061
961 -0.418354 0.674468
962 -0.418886 0.672791
963 -0.419453 0.671066
964 -0.420088 0.669329
965 -0.420722 0.66745
966 -0.421265 0.665414
967 -0.421799 0.663292
968 -0.422344 0.661079
969 -0.422886 0.6588
970 -0.423352 0.656514
971 -0.423729 0.654218
972 -0.42421 0.651944
973 -0.424697 0.649643
974 -0.425085 0.647325
975 -0.425538 0.645124
976 -0.425983 0.642956
977 -0.426361 0.640735
978 -0.426637 0.638473
979 -0.42698 0.636323
980 -0.427282 0.634299
981 -0.427587 0.632407
982 -0.427876 0.63055
983 -0.428172 0.628621
984 -0.428489 0.62667
985 -0.428742 0.624732
986 -0.428906 0.622818
987 -0.429143 0.620812
988 -0.429336 0.618791
989 -0.429431 0.616888
990 -0.429549 0.614814
991 -0.429772 0.61262
992 -0.429943 0.610421
993 -0.429997 0.60804
994 -0.430118 0.605562
995 -0.430228 0.602977
996 -0.430216 0.600302
997 -0.430222 0.597538
998 -0.430188 0.594694
999 -0.430201 0.591804
1000 -0.430201 0.588874
1001 -0.430188 0.585857
1002 -0.43017 0.582691
1003 -0.430179 0.579449
1004 -0.430074 0.576199
1005 -0.429912 0.573
1006 -0.429804 0.569868
1007 -0.429651 0.566815
1008 -0.429418 0.56374
1009 -0.429322 0.560603
1010 -0.42917 0.557502
1011 -0.428997 0.554485
1012 -0.428757 0.55159
1013 -0.428531 0.548706
1014 -0.428285 0.545833
1015 -0.428018 0.543096
1016 -0.427632 0.540466
1017 -0.427334 0.537838
1018 -0.427085 0.535189
1019 -0.426743 0.53254
1020 -0.426356 0.529898
1021 -0.426086 0.527257
1022 -0.425697 0.524575
1023 -0.425215 0.521889
1024 -0.424768 0.519229
1025 -0.424315 0.516549
1026 -0.423905 0.513751
1027 -0.423419 0.510793
1028 -0.422975 0.507682
1029 -0.422526 0.504491
1030 -0.421999 0.501302
1031 -0.421398 0.498007
1032 -0.420851 0.494633
1033 -0.420282 0.491197
1034 -0.419627 0.48756
1035 -0.419011 0.483773
1036 -0.418442 0.47997
1037 -0.417877 0.476123
1038 -0.417229 0.472136
1039 -0.416507 0.468079
1040 -0.415881 0.464047
1041 -0.415145 0.460013
1042 -0.414365 0.455945
1043 -0.413595 0.451922
1044 -0.412878 0.447843
1045 -0.412102 0.443669
1046 -0.411324 0.439559
1047 -0.410554 0.43557
1048 -0.409787 0.431638
1049 -0.408982 0.427789
1050 -0.408041 0.424034
1051 -0.40716 0.420302
1052 -0.406308 0.416686
1053 -0.405366 0.413003
1054 -0.404456 0.409326
1055 -0.403625 0.405879
1056 -0.402683 0.402546
1057 -0.401652 0.401623
1058 -0.400684 0.400719
1059 -0.399682 0.399769
1060 -0.398661 0.398735
1061 -0.397604 0.397772
1062 -0.396608 0.396774
1063 -0.395596 0.395622
1064 -0.394569 0.394499
1065 -0.393416 0.393429
1066 -0.392358 0.392281
1067 -0.39127 0.391164
1068 -0.390018 0.390036
1069 -0.38886 0.388938
1070 -0.387719 0.387828
1071 -0.386602 0.38667
1072 -0.385353 0.385428
1073 -0.384165 0.384186
1074 -0.382989 0.383007
1075 -0.381758 0.381772
1076 -0.380444 0.380366
1077 -0.379153 0.379108
1078 -0.377884 0.37787
1079 -0.376543 0.376712
1080 -0.375232 0.375355
1081 -0.373966 0.374012
1082 -0.372673 0.372716
1083 -0.37131 0.371352
1084 -0.369861 0.369933
1085 -0.368512 0.368445
1086 -0.367099 0.367073
1087 -0.365617 0.365635
1088 -0.364226 0.36425
1089 -0.362824 0.362789
1090 -0.361348 0.361369
1091 -0.359865 0.359945
1092 -0.358359 0.3585
1093 -0.35689 0.356898
1094 -0.355382 0.355403
1095 -0.35377 0.353888
1096 -0.352227 0.352265
1097 -0.350775 0.350661
1098 -0.349201 0.3491
1099 -0.347578 0.347622
1100 -0.346048 0.34604
1101 -0.344442 0.344426
1102 -0.342701 0.342755
1103 -0.341053 0.34119
1104 -0.339387 0.339535
1105 -0.33778 0.337741
1106 -0.336046 0.336034
1107 -0.334402 0.334371
1108 -0.332724 0.332739
1109 -0.331035 0.330979
1110 -0.329236 0.329231
1111 -0.327472 0.327548
1112 -0.325749 0.325822
1113 -0.32391 0.324033
1114 -0.322113 0.322209
1115 -0.320404 0.320367
1116 -0.3186 0.318612
1117 -0.31677 0.316702
1118 -0.314901 0.314888
1119 -0.313075 0.313063
1120 -0.311237 0.311298
1121 -0.309302 0.309432
1122 -0.307408 0.307473
1123 -0.305589 0.305603
1124 -0.303672 0.303695
1125 -0.30174 0.301736
1126 -0.299799 0.299739
1127 -0.297918 0.297843
1128 -0.295919 0.295912
1129 -0.293884 0.293983
1130 -0.291907 0.291988
1131 -0.290019 0.28996
1132 -0.288006 0.287994
1133 -0.285951 0.286015
1134 -0.283985 0.283968
1135 -0.281964 0.281811
1136 -0.279845 0.279828
1137 -0.277764 0.27784
1138 -0.275695 0.275791
1139 -0.273651 0.273639
1140 -0.271539 0.271646
1141 -0.269449 0.269508
1142 -0.26739 0.267358
1143 -0.265266 0.265204
1144 -0.263079 0.263058
1145 -0.260954 0.260939
1146 -0.258785 0.258813
1147 -0.25662 0.256631
1148 -0.254436 0.254482
1149 -0.252303 0.252374
1150 -0.250139 0.250156
1151 -0.24787 0.247894
1152 -0.245637 0.245671
1153 -0.243448 0.243482
1154 -0.241205 0.241236
1155 -0.238952 0.238978
1156 -0.2367 0.236711
1157 -0.234526 0.234549
1158 -0.232232 0.232303
1159 -0.229913 0.229986
1160 -0.227656 0.227661
1161 -0.22537 0.225416
1162 -0.223013 0.223113
1163 -0.220693 0.220705
1164 -0.218379 0.218375
1165 -0.21613 0.216047
1166 -0.2138 0.213837
1167 -0.211384 0.211486
1168 -0.209084 0.209052
1169 -0.206697 0.206753
1170 -0.204299 0.204376
1171 -0.201877 0.20192
1172 -0.19951 0.199485
1173 -0.19713 0.197083
1174 -0.194755 0.194762
1175 -0.1923 0.192402
1176 -0.189937 0.189975
1177 -0.187517 0.187516
1178 -0.185027 0.185131
1179 -0.182592 0.182729
1180 -0.180224 0.180188
1181 -0.177739 0.17774
1182 -0.175226 0.175271
1183 -0.172835 0.172834
1184 -0.170338 0.170403
1185 -0.167805 0.167843
1186 -0.165301 0.16542
1187 -0.162893 0.162923
1188 -0.160398 0.160406
1189 -0.157874 0.157844
1190 -0.155323 0.155344
1191 -0.152858 0.152823
1192 -0.150327 0.150361
1193 -0.147724 0.147828
1194 -0.145192 0.145256
1195 -0.142698 0.14277
1196 -0.140205 0.140265
1197 -0.137614 0.137627
1198 -0.135045 0.135051
1199 -0.132492 0.132522
1200 -0.129931 0.129991
1201 -0.127327 0.127412
1202 -0.124793 0.124783
1203 -0.122209 0.122255
1204 -0.119618 0.11968
1205 -0.116988 0.11704
1206 -0.114399 0.114425
1207 -0.111847 0.111841
1208 -0.109289 0.10931
1209 -0.106638 0.106688
1210 -0.104064 0.104042
1211 -0.101483 0.101434
1212 -0.098841 0.0988399
1213 -0.0961812 0.0962546
1214 -0.093593 0.0936182
1215 -0.0909823 0.0910014
1216 -0.0883986 0.0883776
1217 -0.0857179 0.0857981
1218 -0.0831132 0.0831137
1219 -0.0804695 0.0805188
1220 -0.0778995 0.0778277
1221 -0.0751898 0.0752779
1222 -0.0725846 0.0726527
1223 -0.069945 0.0699734
1224 -0.0674026 0.0673445
1225 -0.0646704 0.0646932
1226 -0.0620641 0.0620786
1227 -0.0594619 0.0595084
1228 -0.0568531 0.0568428
1229 -0.054214 0.054264
1230 -0.0515554 0.0515633
1231 -0.0489466 0.0489882
1232 -0.0463842 0.0464054
1233 -0.0437584 0.0437797
1234 -0.0411673 0.0411945
1235 -0.0385604 0.0386034
1236 -0.0359867 0.0360227
1237 -0.0334513 0.0334624
1238 -0.0309524 0.0309511
1239 -0.0284755 0.0284924
1240 -0.0259967 0.0260282
1241 -0.0236445 0.0236126
1242 -0.0212668 0.0212875
1243 -0.0190312 0.0191218
1244 -0.0169499 0.0169857
1245 -0.0150819 0.0151167
1246 -0.013442 0.0134801
1247 -0.0122475 0.0122819
1248 -0.0116348 0.0115739
1249 -0.0115412 0.0114961
1250 -0.0120731 0.0120671
1251 -0.0131344 0.0131511
1252 -0.014674 0.0146381
1253 -0.0165252 0.0164643
1254 -0.0185474 0.0185455
1255 -0.0207135 0.0206982
1256 -0.0230562 0.0230146
1257 -0.0254808 0.0253787
1258 -0.0278969 0.0278359
1259 -0.0303752 0.0303282
1260 -0.0328517 0.0328023
1261 -0.0353714 0.0353732
1262 -0.0379502 0.0379421
1263 -0.0404817 0.0405495
1264 -0.0431144 0.0431168
1265 -0.0457159 0.0456746
1266 -0.0483849 0.0482785
1267 -0.0509639 0.05092
1268 -0.0535336 0.0535372
1269 -0.0561553 0.0561292
1270 -0.0587991 0.0587654
1271 -0.0614959 0.0613723
1272 -0.0640692 0.0640745
1273 -0.0667074 0.0667056
1274 -0.0693196 0.0692864
1275 -0.0719319 0.0719165
1276 -0.0746693 0.0745562
1277 -0.0772418 0.0771896
1278 -0.0798195 0.0798246
1279 -0.0824578 0.0824063
1280 -0.0850941 0.0850601
1281 -0.0878142 0.0876919
1282 -0.0903422 0.0902974
1283 -0.0929053 0.0929039
1284 -0.0955694 0.0955312
1285 -0.0982214 0.0981691
1286 -0.100856 0.10078
1287 -0.103422 0.103364
1288 -0.10598 0.105984
1289 -0.108628 0.108651
1290 -0.111235 0.11124
1291 -0.113809 0.113756
1292 -0.116342 0.116382
1293 -0.119002 0.118964
1294 -0.121613 0.121625
1295 -0.124153 0.124103
1296 -0.126686 0.126748
1297 -0.12927 0.12933
1298 -0.131885 0.131835
1299 -0.134456 0.134373
1300 -0.137007 0.136975
1301 -0.139523 0.139515
1302 -0.142155 0.142041
1303 -0.144675 0.144555
1304 -0.147147 0.14713
1305 -0.149646 0.149666
1306 -0.152182 0.152157
1307 -0.154799 0.154679
1308 -0.157299 0.157259
1309 -0.159737 0.159785
1310 -0.162258 0.162229
1311 -0.164793 0.164741
1312 -0.167225 0.167271
1313 -0.169629 0.169675
1314 -0.172134 0.17213
1315 -0.174676 0.174649
1316 -0.177183 0.177166
1317 -0.179585 0.179561
1318 -0.182013 0.181992
1319 -0.184545 0.184432
1320 -0.186954 0.186876
1321 -0.189244 0.189247
1322 -0.191701 0.191677
1323 -0.194153 0.194145
1324 -0.196627 0.196569
1325 -0.198976 0.198902
1326 -0.20133 0.201311
1327 -0.203731 0.203687
1328 -0.206115 0.206092
1329 -0.208471 0.208415
1330 -0.210739 0.210833
1331 -0.213122 0.213221
1332 -0.215492 0.215501
1333 -0.217845 0.217817
1334 -0.220165 0.22015
1335 -0.222479 0.222424
1336 -0.224821 0.224735
1337 -0.227115 0.227027
1338 -0.229322 0.22936
1339 -0.231598 0.231652
1340 -0.233918 0.233941
1341 -0.236217 0.236117
1342 -0.238395 0.238461
1343 -0.24068 0.240645
1344 -0.24293 0.242825
1345 -0.24516 0.245139
1346 -0.247326 0.247358
1347 -0.249484 0.249538
1348 -0.251717 0.251686
1349 -0.25397 0.253895
1350 -0.256093 0.256082
1351 -0.258272 0.258211
1352 -0.260498 0.260374
1353 -0.262622 0.262571
1354 -0.26468 0.264726
1355 -0.266772 0.266813
1356 -0.2689 0.268903
1357 -0.271025 0.271055
1358 -0.273116 0.273139
1359 -0.275184 0.275123
1360 -0.277313 0.277255
1361 -0.279416 0.279373
1362 -0.281439 0.281448
1363 -0.283414 0.283385
1364 -0.285495 0.285479
1365 -0.287499 0.287477
1366 -0.289437 0.289449
1367 -0.291453 0.291432
1368 -0.293464 0.293413
1369 -0.295517 0.295406
1370 -0.297443 0.297373
1371 -0.299334 0.29929
1372 -0.301272 0.301255
1373 -0.303229 0.303194
1374 -0.305071 0.305037
1375 -0.306883 0.306916
1376 -0.308826 0.308897
1377 -0.310763 0.310797
1378 -0.312663 0.312583
1379 -0.314482 0.314523
1380 -0.31628 0.316338
1381 -0.318174 0.318079
1382 -0.319981 0.319862
1383 -0.321698 0.321693
1384 -0.323489 0.323519
1385 -0.325313 0.325276
1386 -0.327088 0.327028
1387 -0.3288 0.328851
1388 -0.330529 0.330589
1389 -0.33228 0.332234
1390 -0.334052 0.333911
1391 -0.335703 0.33567
1392 -0.337268 0.337332
1393 -0.338994 0.338982
1394 -0.340737 0.340722
1395 -0.342333 0.342365
1396 -0.343934 0.343936
1397 -0.345651 0.345524
1398 -0.347235 0.347119
1399 -0.348753 0.348749
1400 -0.350275 0.350303
1401 -0.35181 0.351893
1402 -0.353455 0.35351
1403 -0.354997 0.355018
1404 -0.356512 0.356459
1405 -0.358047 0.358007
1406 -0.359603 0.359478
1407 -0.36103 0.360907
1408 -0.362424 0.362397
1409 -0.363894 0.363908
1410 -0.3653 0.365363
1411 -0.366707 0.366728
1412 -0.3681 0.368109
1413 -0.369536 0.369542
1414 -0.370973 0.370897
1415 -0.372349 0.3722
1416 -0.37366 0.373638
1417 -0.374968 0.374984
1418 -0.3763 0.376286
1419 -0.377625 0.377558
1420 -0.378773 0.378886
1421 -0.380083 0.380158
1422 -0.381407 0.381397
1423 -0.382726 0.382583
1424 -0.383905 0.383893
1425 -0.385059 0.385124
1426 -0.386351 0.38625
1427 -0.387499 0.387459
1428 -0.388596 0.388666
1429 -0.389712 0.389778
1430 -0.390952 0.390857
1431 -0.392056 0.39198
1432 -0.393148 0.393103
1433 -0.394216 0.394233
1434 -0.395361 0.395275
1435 -0.396428 0.39636
1436 -0.397437 0.397444
1437 -0.398369 0.398467
1438 -0.399437 0.399353
1439 -0.400461 0.400441
1440 -0.401425 0.401417
1441 -0.40238 0.402348
1442 -0.403404 0.403356
1443 -0.404318 0.404288
1444 -0.405194 0.405199
1445 -0.406048 0.406059
1446 -0.406893 0.406892
1447 -0.407779 0.40779
1448 -0.408674 0.408691
1449 -0.409528 0.409492
1450 -0.410366 0.410402
1451 -0.411283 0.411227
1452 -0.412045 0.411954
1453 -0.412716 0.412675
1454 -0.413465 0.413461
1455 -0.414211 0.41414
1456 -0.414875 0.414871
1457 -0.415563 0.415625
1458 -0.416326 0.416353
1459 -0.417059 0.417033
1460 -0.417728 0.417635
1461 -0.418329 0.418271
1462 -0.418906 0.418933
1463 -0.41958 0.419515
1464 -0.420166 0.420093
1465 -0.420642 0.420744
1466 -0.421251 0.42135
1467 -0.421863 0.421772
1468 -0.422404 0.422334
1469 -0.422827 0.422832
1470 -0.423303 0.423266
1471 -0.423817 0.423747
1472 -0.424286 0.424239
1473 -0.424698 0.424739
1474 -0.425068 0.425138
1475 -0.425531 0.425519
1476 -0.42594 0.425928
1477 -0.426328 0.426321
1478 -0.426619 0.426636
1479 -0.427036 0.426935
1480 -0.427389 0.427315
1481 -0.42764 0.427657
1482 -0.427861 0.42789
1483 -0.428158 0.428193
1484 -0.428513 0.428476
1485 -0.428673 0.428692
1486 -0.428921 0.428848
1487 -0.42915 0.429113
1488 -0.429375 0.429337
1489 -0.429526 0.429498
1490 -0.429596 0.429618
1491 -0.429704 0.429831
1492 -0.429873 0.429909
1493 -0.430003 0.429955
1494 -0.430029 0.43
1495 -0.430191 0.430103
1496 -0.430308 0.43018
1497 -0.430281 0.430211
1498 -0.430232 0.430255
1499 -0.430229 0.430327
1500 -0.430191 0.430271
1501 -0.430128 0.430162
1502 -0.430105 0.43012
1503 -0.43007 0.430075
1504 -0.430043 0.429977
1505 -0.430008 0.429919
1506 -0.429839 0.42983
1507 -0.42967 0.429689
1508 -0.429553 0.429525
1509 -0.429315 0.429274
1510 -0.429094 0.429116
1511 -0.428961 0.428947
1512 -0.428765 0.428674
1513 -0.428546 0.428565
1514 -0.428258 0.428299
1515 -0.427961 0.427986
1516 -0.427721 0.427662
1517 -0.427413 0.427375
1518 -0.42703 0.427009
1519 -0.426694 0.426675
1520 -0.426418 0.426356
1521 -0.426111 0.426004
1522 -0.425639 0.425666
1523 -0.425246 0.425239
1524 -0.424883 0.424758
1525 -0.424366 0.424387
1526 -0.423892 0.423903
1527 -0.423365 0.423383
1528 -0.422962 0.423021
1529 -0.422485 0.422484
1530 -0.421973 0.421901
1531 -0.421387 0.421366
1532 -0.420918 0.420807
1533 -0.420347 0.420247
1534 -0.419684 0.419642
1535 -0.418995 0.41903
1536 -0.418431 0.418483
1537 -0.417798 0.417845
1538 -0.417175 0.417153
1539 -0.416475 0.416483
1540 -0.415859 0.415856
1541 -0.415193 0.415133
1542 -0.41444 0.414356
1543 -0.413655 0.413678
1544 -0.412836 0.412946
1545 -0.412126 0.412117
1546 -0.411315 0.411335
1547 -0.41051 0.41055
1548 -0.409764 0.409743
1549 -0.408985 0.408878
1550 -0.408117 0.408013
1551 -0.407165 0.407196
1552 -0.406251 0.406313
1553 -0.405391 0.405371
1554 -0.404464 0.404525
1555 -0.403529 0.403608
1556 -0.402646 0.402618
1557 -0.40176 0.401619
1558 -0.400735 0.400643
1559 -0.399692 0.399695
1560 -0.398677 0.398668
1561 -0.397678 0.397657
1562 -0.396601 0.396683
1563 -0.39552 0.395592
1564 -0.394504 0.394498
1565 -0.393508 0.393367
1566 -0.392383 0.392277
1567 -0.391174 0.391176
1568 -0.39005 0.390031
1569 -0.388915 0.388951
1570 -0.387764 0.387796
1571 -0.386495 0.386574
1572 -0.385335 0.385301
1573 -0.384177 0.38413
1574 -0.383014 0.382914
1575 -0.381742 0.381663
1576 -0.380412 0.380465
1577 -0.379218 0.379233
1578 -0.377971 0.377946
1579 -0.376559 0.376571
1580 -0.375252 0.375237
1581 -0.374004 0.373943
1582 -0.372676 0.37255
1583 -0.371256 0.371223
1584 -0.369897 0.369894
1585 -0.368505 0.368568
1586 -0.367156 0.367098
1587 -0.365663 0.36564
1588 -0.364177 0.364224
1589 -0.362809 0.362764
1590 -0.361416 0.361296
1591 -0.359884 0.359887
1592 -0.358375 0.358412
1593 -0.356937 0.356884
1594 -0.355401 0.355305
1595 -0.353804 0.353786
1596 -0.352216 0.352253
1597 -0.350696 0.350661
1598 -0.349196 0.349106
1599 -0.347582 0.347584
1600 -0.345962 0.346056
1601 -0.344373 0.344367
1602 -0.342826 0.342744
1603 -0.341144 0.341135
1604 -0.339389 0.339371
1605 -0.33774 0.337718
1606 -0.336107 0.336113
1607 -0.334407 0.334425
1608 -0.332672 0.332682
1609 -0.330966 0.330929
1610 -0.329277 0.329228
1611 -0.32758 0.327477
1612 -0.325738 0.325683
1613 -0.323901 0.323933
1614 -0.322175 0.322234
1615 -0.320348 0.320428
1616 -0.318525 0.31854
1617 -0.316758 0.316762
1618 -0.314965 0.314945
1619 -0.313129 0.313
1620 -0.311201 0.31118
1621 -0.309284 0.309337
1622 -0.307447 0.307504
1623 -0.30559 0.305555
1624 -0.3036 0.30363
1625 -0.301764 0.301741
1626 -0.299853 0.29982
1627 -0.297929 0.297797
1628 -0.295901 0.295881
1629 -0.293897 0.294003
1630 -0.291948 0.291979
1631 -0.289988 0.289949
1632 -0.287956 0.287982
1633 -0.285941 0.285918
1634 -0.284006 0.283863
1635 -0.28197 0.281831
1636 -0.279858 0.279873
1637 -0.277765 0.277836
1638 -0.275687 0.275715
1639 -0.27364 0.273643
1640 -0.271497 0.271572
1641 -0.269424 0.269471
1642 -0.267375 0.267264
1643 -0.265256 0.265199
1644 -0.26312 0.263116
1645 -0.260928 0.260967
1646 -0.258774 0.258753
1647 -0.256657 0.256649
1648 -0.254434 0.254444
1649 -0.252282 0.252228
1650 -0.25014 0.250075
1651 -0.247916 0.247944
1652 -0.245674 0.245708
1653 -0.243397 0.243446
1654 -0.241167 0.241212
1655 -0.238969 0.239015
1656 -0.236735 0.236691
1657 -0.234436 0.234413
1658 -0.232227 0.232194
1659 -0.230009 0.229965
1660 -0.22772 0.227654
1661 -0.225289 0.225295
1662 -0.223056 0.223071
1663 -0.220722 0.220742
1664 -0.218442 0.218344
1665 -0.21604 0.216087
1666 -0.213744 0.213797
1667 -0.211466 0.211376
1668 -0.209088 0.209016
1669 -0.206675 0.206649
1670 -0.204258 0.204306
1671 -0.201947 0.201877
1672 -0.199511 0.199491
1673 -0.197117 0.197138
1674 -0.194747 0.194818
1675 -0.192373 0.192315
1676 -0.189953 0.18987
1677 -0.18749 0.187508
1678 -0.185023 0.185028
1679 -0.182647 0.182537
1680 -0.18022 0.180181
1681 -0.177673 0.177721
1682 -0.175289 0.175249
1683 -0.172822 0.172716
1684 -0.170341 0.170286
1685 -0.167813 0.167859
1686 -0.165299 0.165348
1687 -0.162855 0.162853
1688 -0.160394 0.160371
1689 -0.157869 0.157923
1690 -0.155306 0.155305
1691 -0.152859 0.152799
1692 -0.150356 0.150295
1693 -0.147759 0.147827
1694 -0.145211 0.145203
1695 -0.142724 0.142699
1696 -0.140203 0.140166
1697 -0.137627 0.137592
1698 -0.135003 0.134997
1699 -0.132466 0.13251
1700 -0.129954 0.12996
1701 -0.127348 0.12733
1702 -0.124734 0.124736
1703 -0.122244 0.122203
1704 -0.119664 0.119642
1705 -0.117066 0.117027
1706 -0.114417 0.11441
1707 -0.111835 0.111877
1708 -0.109263 0.109303
1709 -0.10674 0.106582
1710 -0.104036 0.104013
1711 -0.101451 0.101479
1712 -0.0989003 0.0988245
1713 -0.0962347 0.0961481
1714 -0.0935815 0.0936065
1715 -0.0909676 0.0910142
1716 -0.0883769 0.0883687
1717 -0.0857499 0.085675
1718 -0.0830627 0.0831504
1719 -0.0804665 0.0804619
1720 -0.0778898 0.0778287
1721 -0.0752374 0.0752122
1722 -0.072595 0.0725825
1723 -0.0698923 0.0699637
1724 -0.0673612 0.0673086
1725 -0.0647612 0.0646797
1726 -0.0620604 0.0620736
1727 -0.0593937 0.0594453
1728 -0.0567976 0.0567859
1729 -0.0541994 0.0541539
1730 -0.0515972 0.0515936
1731 -0.0489095 0.0489789
1732 -0.0463221 0.0462838
1733 -0.0437508 0.0437012
1734 -0.0412196 0.0411677
1735 -0.0385669 0.0385716
1736 -0.0359639 0.0359518
1737 -0.0334424 0.0334081
1738 -0.0309792 0.0309491
1739 -0.0284809 0.0284553
1740 -0.025998 0.026011
1741 -0.0235913 0.0235984
1742 -0.0212418 0.0212245
1743 -0.0190349 0.0190332
1744 -0.0169278 0.0169574
1745 -0.0150581 0.0150539
1746 -0.0134607 0.0134832
1747 -0.0122006 0.0122586
1748 -0.0115414 0.0115376
1749 -0.0114848 0.0114528
1750 -0.0120235 0.0120888
1751 -0.0131469 0.0131967
1752 -0.0146523 0.014686
1753 -0.0164687 0.0164661
1754 -0.0185432 0.0185555
1755 -0.0207496 0.0207615
1756 -0.0230178 0.0230677
1757 -0.0253444 0.0254014
1758 -0.0278034 0.0278473
1759 -0.0303196 0.0302416
1760 -0.0328596 0.0328281
1761 -0.0353423 0.035406
1762 -0.0378645 0.0379559
1763 -0.0404794 0.0405317
1764 -0.043115 0.0430301
1765 -0.0456726 0.0456924
1766 -0.0482339 0.0483374
1767 -0.0509293 0.0509518
1768 -0.0535537 0.0535128
1769 -0.0561259 0.0561211
1770 -0.0587248 0.0588363
1771 -0.0613886 0.0614335
1772 -0.0640533 0.0640071
1773 -0.0666776 0.0666275
1774 -0.0692297 0.0693161
1775 -0.07194 0.0719922
1776 -0.0745578 0.0745547
1777 -0.0771988 0.077135
1778 -0.0797504 0.079819
1779 -0.0824365 0.0824837
1780 -0.0851028 0.0851032
1781 -0.0876873 0.0876618
1782 -0.0902809 0.0903194
1783 -0.0930021 0.0929823
1784 -0.0955502 0.0955964
1785 -0.098144 0.0981398
1786 -0.100752 0.100735
1787 -0.10344 0.103436
1788 -0.106 0.106077
1789 -0.108595 0.108604
1790 -0.111197 0.111179
1791 -0.113803 0.113838
1792 -0.116376 0.116408
1793 -0.118916 0.118967
1794 -0.121573 0.121517
1795 -0.124154 0.124159
1796 -0.126683 0.126748
1797 -0.129235 0.129294
1798 -0.131851 0.131804
1799 -0.134475 0.13442
1800 -0.136972 0.137004
1801 -0.139483 0.139555
1802 -0.142091 0.142002
1803 -0.144587 0.144669
1804 -0.147085 0.147185
1805 -0.149655 0.149663
1806 -0.152219 0.152123
1807 -0.154684 0.154743
1808 -0.157154 0.157305
1809 -0.159728 0.159752
1810 -0.16222 0.162185
1811 -0.164719 0.164729
1812 -0.16717 0.167227
1813 -0.169717 0.169696
1814 -0.17223 0.172085
1815 -0.174588 0.174627
1816 -0.177101 0.177149
1817 -0.179587 0.179605
1818 -0.182046 0.182006
1819 -0.184396 0.18441
1820 -0.186845 0.186933
1821 -0.189317 0.189308
1822 -0.191708 0.191666
1823 -0.194096 0.194198
1824 -0.196558 0.196568
1825 -0.198956 0.198941
1826 -0.201305 0.201305
1827 -0.203644 0.203659
1828 -0.206084 0.206097
1829 -0.208444 0.208476
1830 -0.210753 0.2108
1831 -0.213144 0.213139
1832 -0.215535 0.215543
1833 -0.21786 0.217893
1834 -0.220084 0.220132
1835 -0.222474 0.222427
1836 -0.224766 0.224786
1837 -0.227 0.227104
1838 -0.229348 0.229368
1839 -0.231638 0.231602
1840 -0.233902 0.233931
1841 -0.236133 0.236202
1842 -0.238353 0.238444
1843 -0.240637 0.240613
1844 -0.242883 0.242902
1845 -0.245079 0.245151
1846 -0.247319 0.247338
1847 -0.249572 0.249512
1848 -0.251777 0.251773
1849 -0.253845 0.253955
1850 -0.256115 0.256062
1851 -0.258275 0.258199
1852 -0.26036 0.260451
1853 -0.262534 0.262607
1854 -0.264689 0.26472
1855 -0.266799 0.266788
1856 -0.268896 0.268933
1857 -0.270997 0.271076
1858 -0.273134 0.273138
1859 -0.275223 0.275157
1860 -0.277221 0.27726
1861 -0.279372 0.279398
1862 -0.281422 0.28145
1863 -0.283392 0.283368
1864 -0.285425 0.285456
1865 -0.287486 0.287491
1866 -0.289446 0.289442
1867 -0.291395 0.291408
1868 -0.293421 0.293479
1869 -0.295401 0.295471
1870 -0.297352 0.297374
1871 -0.299277 0.299256
1872 -0.301255 0.30125
1873 -0.303179 0.303168
1874 -0.305103 0.305048
1875 -0.306953 0.306943
1876 -0.308904 0.308872
1877 -0.310761 0.310819
1878 -0.312556 0.312695
1879 -0.314427 0.314399
1880 -0.316319 0.31631
1881 -0.318118 0.318131
1882 -0.319876 0.319916
1883 -0.321699 0.321675
1884 -0.323523 0.323505
1885 -0.325274 0.325326
1886 -0.326991 0.327094
1887 -0.328836 0.328818
1888 -0.330582 0.330479
1889 -0.332248 0.332251
1890 -0.333948 0.333986
1891 -0.335714 0.335584
1892 -0.337339 0.337392
1893 -0.339007 0.339089
1894 -0.340674 0.340703
1895 -0.342387 0.342283
1896 -0.343953 0.343879
1897 -0.34554 0.345519
1898 -0.347132 0.347139
1899 -0.34877 0.348707
1900 -0.350313 0.350297
1901 -0.351862 0.351947
1902 -0.35348 0.353554
1903 -0.355014 0.355004
1904 -0.356475 0.356463
1905 -0.357972 0.358012
1906 -0.359512 0.359464
1907 -0.36093 0.360907
1908 -0.362398 0.362445
1909 -0.363897 0.363896
1910 -0.365381 0.365383
1911 -0.366745 0.366762
1912 -0.368132 0.368088
1913 -0.369517 0.369496
1914 -0.370918 0.370919
1915 -0.372216 0.372226
1916 -0.373586 0.373601
1917 -0.374995 0.37503
1918 -0.376309 0.376356
1919 -0.377539 0.377569
1920 -0.378844 0.378803
1921 -0.380091 0.380074
1922 -0.381342 0.381364
1923 -0.382588 0.382556
1924 -0.383883 0.383827
1925 -0.385139 0.385091
1926 -0.386255 0.386372
1927 -0.387422 0.38752
1928 -0.388593 0.388565
1929 -0.389763 0.389751
1930 -0.390849 0.390919
1931 -0.392043 0.391978
1932 -0.393163 0.393139
1933 -0.394283 0.394286
1934 -0.395248 0.39539
1935 -0.396353 0.396369
1936 -0.39739 0.397348
1937 -0.398388 0.398394
1938 -0.39945 0.399411
1939 -0.400492 0.4004
1940 -0.401454 0.401376
1941 -0.402377 0.402433
1942 -0.40328 0.403454
1943 -0.404253 0.404293
1944 -0.405115 0.405164
1945 -0.406045 0.406042
1946 -0.40697 0.406976
1947 -0.407867 0.407808
1948 -0.40872 0.408642
1949 -0.409478 0.409553
1950 -0.410331 0.410445
1951 -0.41113 0.411198
1952 -0.411878 0.411915
1953 -0.41275 0.412659
1954 -0.413491 0.413454
1955 -0.414215 0.414192
1956 -0.414883 0.41487
1957 -0.415575 0.415712
1958 -0.416282 0.416398
1959 -0.416944 0.417037
1960 -0.417645 0.417626
1961 -0.418311 0.418274
1962 -0.419005 0.418918
1963 -0.419534 0.419512
1964 -0.420058 0.420095
1965 -0.420697 0.420694
1966 -0.421205 0.421372
1967 -0.421743 0.421837
1968 -0.422372 0.422303
1969 -0.422849 0.422786
1970 -0.423307 0.423309
1971 -0.423732 0.423794
1972 -0.424178 0.424184
1973 -0.424647 0.424709
1974 -0.425073 0.425199
1975 -0.425512 0.425549
1976 -0.425983 0.425894
1977 -0.426349 0.426284
1978 -0.426619 0.426643
1979 -0.426971 0.427002
1980 -0.427321 0.42726
1981 -0.427575 0.427655
1982 -0.427912 0.427961
1983 -0.428213 0.428236
1984 -0.428469 0.428449
1985 -0.42868 0.428633
1986 -0.428859 0.428938
1987 -0.429077 0.429128
1988 -0.429284 0.429259
1989 -0.429423 0.429465
1990 -0.429601 0.429689
1991 -0.429837 0.429804
1992 -0.429945 0.429868
1993 -0.429962 0.42995
1994 -0.430085 0.430075
1995 -0.430154 0.430142
1996 -0.43015 0.430206
1997 -0.43021 0.430215
1998 -0.430264 0.430296
