0 -1.08122 1.08117
1 -1.00002 1.00004
2 -0.99999 1.00006
3 -0.999957 1.00005
4 -0.999867 0.999976
5 -0.999696 0.999828
6 -0.999499 0.999654
7 -0.999263 0.999401
8 -0.998982 0.999112
9 -0.998658 0.998792
10 -0.998321 0.998445
11 -0.997938 0.998029
12 -0.99755 0.997605
13 -0.99713 0.997155
14 -0.996681 0.996681
15 -0.996158 0.996184
16 -0.995628 0.995642
17 -0.995048 0.995064
18 -0.994424 0.994412
19 -0.993731 0.993737
20 -0.992993 0.993029
21 -0.992207 0.992251
22 -0.991403 0.991435
23 -0.990576 0.990572
24 -0.989691 0.989689
25 -0.988815 0.98878
26 -0.987894 0.987807
27 -0.986924 0.986806
28 -0.985928 0.985782
29 -0.984887 0.984717
30 -0.983788 0.983642
31 -0.982654 0.982521
32 -0.981513 0.981381
33 -0.980317 0.980238
34 -0.979069 0.979068
35 -0.977805 0.977848
36 -0.976502 0.976596
37 -0.975174 0.975307
38 -0.973808 0.973964
39 -0.972381 0.972568
40 -0.970916 0.971127
41 -0.969418 0.969626
42 -0.967842 0.968084
43 -0.966254 0.966459
44 -0.964616 0.9648
45 -0.962977 0.963112
46 -0.961308 0.961371
47 -0.959632 0.959611
48 -0.957886 0.957839
49 -0.956138 0.956044
50 -0.95435 0.954213
51 -0.952496 0.952353
52 -0.950617 0.950482
53 -0.948685 0.948568
54 -0.946689 0.946588
55 -0.944683 0.944585
56 -0.94265 0.942559
57 -0.940569 0.940507
58 -0.938463 0.938419
59 -0.936309 0.936283
60 -0.934147 0.934091
61 -0.93194 0.931896
62 -0.929681 0.929667
63 -0.927385 0.92736
64 -0.925064 0.925054
65 -0.922711 0.922705
66 -0.920322 0.920319
67 -0.917904 0.917925
68 -0.91546 0.915536
69 -0.912989 0.913102
70 -0.910505 0.910607
71 -0.907975 0.908101
72 -0.905381 0.905557
73 -0.90277 0.902968
74 -0.90011 0.900297
75 -0.897386 0.897592
76 -0.894639 0.894825
77 -0.891852 0.892023
78 -0.88907 0.889179
79 -0.886242 0.886308
80 -0.883376 0.883395
81 -0.880482 0.880493
82 -0.877575 0.877536
83 -0.874647 0.874579
84 -0.871666 0.871581
85 -0.868642 0.868586
86 -0.865588 0.865521
87 -0.862492 0.862431
88 -0.859402 0.859324
89 -0.856243 0.856169
90 -0.853075 0.852973
91 -0.849907 0.849759
92 -0.846691 0.846524
93 -0.843438 0.843244
94 -0.840117 0.839957
95 -0.836767 0.836614
96 -0.83338 0.833234
97 -0.829961 0.829858
98 -0.826512 0.82644
99 -0.823046 0.823014
100 -0.819578 0.819585
101 -0.816096 0.816131
102 -0.812545 0.812668
103 -0.808969 0.809136
104 -0.805383 0.805599
105 -0.801759 0.802002
106 -0.798131 0.79835
107 -0.794416 0.794661
108 -0.790707 0.790933
109 -0.786948 0.787145
110 -0.783205 0.783356
111 -0.779436 0.779516
112 -0.775621 0.775679
113 -0.771787 0.771828
114 -0.767903 0.767975
115 -0.763989 0.764102
116 -0.760022 0.760161
117 -0.756041 0.756206
118 -0.752052 0.752231
119 -0.748023 0.748178
120 -0.74399 0.744079
121 -0.739917 0.739963
122 -0.735832 0.73582
123 -0.731725 0.731661
124 -0.727575 0.727459
125 -0.723403 0.723264
126 -0.719199 0.719052
127 -0.714979 0.714848
128 -0.710728 0.710596
129 -0.706473 0.706337
130 -0.702232 0.702072
131 -0.697945 0.697772
132 -0.693643 0.693453
133 -0.68928 0.689093
134 -0.684908 0.684723
135 -0.680483 0.680314
136 -0.676057 0.675888
137 -0.671595 0.671446
138 -0.667146 0.666977
139 -0.662683 0.662504
140 -0.658164 0.657991
141 -0.653647 0.653496
142 -0.649079 0.649002
143 -0.644486 0.644468
144 -0.639873 0.639935
145 -0.635247 0.635388
146 -0.630621 0.630777
147 -0.625993 0.626144
148 -0.621316 0.621496
149 -0.616636 0.616804
150 -0.611926 0.612091
151 -0.6072 0.607351
152 -0.602459 0.602613
153 -0.59768 0.597893
154 -0.592924 0.593148
155 -0.588131 0.588399
156 -0.58336 0.583645
157 -0.578559 0.578851
158 -0.573754 0.574008
159 -0.568893 0.569136
160 -0.564022 0.564251
161 -0.559124 0.559339
162 -0.554247 0.554411
163 -0.549346 0.549531
164 -0.54446 0.544636
165 -0.539566 0.539734
166 -0.534622 0.534822
167 -0.529648 0.52989
168 -0.524674 0.524917
169 -0.519684 0.51992
170 -0.514714 0.514896
171 -0.509748 0.509863
172 -0.50478 0.504837
173 -0.499747 0.49985
174 -0.494735 0.494859
175 -0.489681 0.489862
176 -0.484632 0.484866
177 -0.47962 0.479823
178 -0.474604 0.474762
179 -0.469569 0.469664
180 -0.46451 0.464593
181 -0.459426 0.459509
182 -0.454349 0.45447
183 -0.449316 0.449456
184 -0.444261 0.444418
185 -0.439216 0.43939
186 -0.434173 0.434337
187 -0.429085 0.429242
188 -0.423997 0.42414
189 -0.418974 0.419067
190 -0.413942 0.414017
191 -0.408911 0.409032
192 -0.403873 0.404028
193 -0.3988 0.399009
194 -0.39378 0.393999
195 -0.388776 0.38895
196 -0.383799 0.383914
197 -0.378807 0.378903
198 -0.373815 0.373929
199 -0.368821 0.369022
200 -0.36386 0.364108
201 -0.358946 0.359167
202 -0.354041 0.354244
203 -0.349116 0.349298
204 -0.344207 0.344389
205 -0.339339 0.339548
206 -0.334545 0.334756
207 -0.329722 0.329985
208 -0.32491 0.325187
209 -0.320164 0.320405
210 -0.315488 0.315618
211 -0.310802 0.310922
212 -0.306162 0.306291
213 -0.301633 0.301683
214 -0.297087 0.297093
215 -0.292587 0.292476
216 -0.288092 0.287908
217 -0.283704 0.283519
218 -0.279347 0.279135
219 -0.275023 0.274865
220 -0.270745 0.270758
221 -0.266585 0.266666
222 -0.262474 0.262578
223 -0.258508 0.258558
224 -0.254579 0.254697
225 -0.250692 0.250895
226 -0.246886 0.247107
227 -0.243182 0.243332
228 -0.239524 0.239664
229 -0.236068 0.23613
230 -0.232689 0.232661
231 -0.229416 0.229239
232 -0.226248 0.226126
233 -0.223143 0.22312
234 -0.220224 0.22033
235 -0.217421 0.217613
236 -0.214811 0.214948
237 -0.212291 0.21233
238 -0.20985 0.209936
239 -0.207658 0.207634
240 -0.205651 0.205558
241 -0.203764 0.203727
242 -0.201965 0.202105
243 -0.200457 0.20062
244 -0.199123 0.199201
245 -0.197917 0.197869
246 -0.196868 0.196796
247 -0.19606 0.196079
248 -0.195486 0.195552
249 -0.195007 0.195101
250 -0.194775 0.194857
251 -0.194747 0.19474
252 -0.194906 0.19481
253 -0.195216 0.195219
254 -0.19579 0.195876
255 -0.196534 0.196639
256 -0.197405 0.197452
257 -0.198537 0.198467
258 -0.199832 0.199778
259 -0.20131 0.201371
260 -0.202896 0.203034
261 -0.204778 0.20481
262 -0.20674 0.206775
263 -0.208883 0.208824
264 -0.211159 0.211154
265 -0.213679 0.213646
266 -0.216235 0.216328
267 -0.218986 0.219072
268 -0.221793 0.22188
269 -0.224857 0.224804
270 -0.227965 0.227898
271 -0.231226 0.231151
272 -0.234552 0.234578
273 -0.237965 0.238036
274 -0.241478 0.241624
275 -0.244989 0.245329
276 -0.248494 0.24904
277 -0.25199 0.252791
278 -0.25549 0.256682
279 -0.25893 0.26065
280 -0.262349 0.264694
281 -0.26581 0.268915
282 -0.269228 0.273155
283 -0.272641 0.277411
284 -0.276053 0.281785
285 -0.279433 0.286208
286 -0.282823 0.290652
287 -0.28619 0.295094
288 -0.289541 0.299606
289 -0.292932 0.304187
290 -0.296267 0.308813
291 -0.299586 0.313416
292 -0.30291 0.318063
293 -0.306238 0.322782
294 -0.30956 0.327552
295 -0.312826 0.332309
296 -0.316084 0.337101
297 -0.319331 0.341983
298 -0.322542 0.346855
299 -0.325771 0.351738
300 -0.328984 0.35664
301 -0.332165 0.36161
302 -0.335365 0.366586
303 -0.338573 0.371559
304 -0.341748 0.376523
305 -0.344918 0.381491
306 -0.348104 0.38652
307 -0.351221 0.391557
308 -0.354308 0.396588
309 -0.35739 0.401621
310 -0.362281 0.406637
311 -0.367292 0.411661
312 -0.372272 0.416726
313 -0.377292 0.421799
314 -0.382323 0.426881
315 -0.387368 0.431921
316 -0.39241 0.436951
317 -0.397428 0.442005
318 -0.402413 0.447072
319 -0.407377 0.452154
320 -0.412328 0.45723
321 -0.417262 0.46227
322 -0.422184 0.467295
323 -0.427114 0.472328
324 -0.432054 0.47738
325 -0.43699 0.482434
326 -0.44192 0.487478
327 -0.446822 0.492492
328 -0.451728 0.497474
329 -0.456599 0.502476
330 -0.461421 0.507466
331 -0.46623 0.512476
332 -0.471036 0.51747
333 -0.475824 0.522442
334 -0.480612 0.527395
335 -0.485422 0.532334
336 -0.490208 0.537254
337 -0.494969 0.542173
338 -0.499724 0.547096
339 -0.504459 0.552031
340 -0.509148 0.556923
341 -0.513839 0.561791
342 -0.518465 0.566644
343 -0.523079 0.57148
344 -0.527706 0.576308
345 -0.532309 0.581125
346 -0.536909 0.585947
347 -0.541522 0.590758
348 -0.546096 0.59556
349 -0.550666 0.600335
350 -0.555198 0.605086
351 -0.559699 0.609813
352 -0.564186 0.61452
353 -0.568621 0.61921
354 -0.573038 0.62392
355 -0.577434 0.628598
356 -0.581814 0.63325
357 -0.58621 0.63788
358 -0.590585 0.642503
359 -0.594942 0.647074
360 -0.599291 0.651618
361 -0.603597 0.656171
362 -0.607884 0.660697
363 -0.612138 0.665228
364 -0.616347 0.669696
365 -0.620543 0.674159
366 -0.62472 0.678571
367 -0.628858 0.682946
368 -0.632972 0.687323
369 -0.63708 0.691693
370 -0.641206 0.696033
371 -0.645297 0.70037
372 -0.649348 0.704648
373 -0.653375 0.708913
374 -0.657396 0.713134
375 -0.661376 0.717314
376 -0.665325 0.721491
377 -0.669238 0.725659
378 -0.6731 0.729814
379 -0.676942 0.733925
380 -0.680778 0.738038
381 -0.684601 0.742135
382 -0.688392 0.746186
383 -0.692194 0.750216
384 -0.695953 0.754198
385 -0.699707 0.75817
386 -0.703403 0.762128
387 -0.707066 0.766079
388 -0.710705 0.769995
389 -0.714308 0.773904
390 -0.717883 0.777765
391 -0.721416 0.781583
392 -0.724938 0.785361
393 -0.728419 0.789114
394 -0.731905 0.792844
395 -0.735375 0.796536
396 -0.738783 0.800211
397 -0.742195 0.803879
398 -0.745595 0.807505
399 -0.748949 0.811066
400 -0.752241 0.814613
401 -0.755523 0.818099
402 -0.758752 0.821572
403 -0.761949 0.825015
404 -0.76513 0.828422
405 -0.768276 0.831833
406 -0.771387 0.83521
407 -0.7745 0.838539
408 -0.777598 0.841839
409 -0.780678 0.845099
410 -0.783699 0.848322
411 -0.786676 0.851545
412 -0.789647 0.854737
413 -0.792577 0.857901
414 -0.795469 0.86107
415 -0.798326 0.864198
416 -0.801127 0.86728
417 -0.803909 0.870343
418 -0.80665 0.873369
419 -0.809393 0.876321
420 -0.812114 0.879263
421 -0.814804 0.882189
422 -0.817475 0.885059
423 -0.820105 0.887927
424 -0.822705 0.890755
425 -0.825275 0.893528
426 -0.827763 0.896252
427 -0.830229 0.898937
428 -0.832694 0.90159
429 -0.835106 0.904197
430 -0.837479 0.906787
431 -0.839822 0.909351
432 -0.842151 0.911884
433 -0.844441 0.914373
434 -0.846718 0.916827
435 -0.848976 0.919213
436 -0.851172 0.921603
437 -0.853353 0.923953
438 -0.855497 0.926272
439 -0.85759 0.928557
440 -0.859644 0.930811
441 -0.861644 0.933074
442 -0.86362 0.935286
443 -0.865573 0.937464
444 -0.867499 0.939634
445 -0.869407 0.941753
446 -0.871272 0.94382
447 -0.873134 0.945834
448 -0.874931 0.947803
449 -0.876699 0.949759
450 -0.878449 0.95169
451 -0.880147 0.953592
452 -0.881785 0.955439
453 -0.883407 0.957241
454 -0.88499 0.959008
455 -0.886516 0.960714
456 -0.888021 0.962373
457 -0.889506 0.963994
458 -0.890973 0.965597
459 -0.892401 0.967167
460 -0.89381 0.968713
461 -0.895174 0.970204
462 -0.896501 0.971655
463 -0.897775 0.973064
464 -0.899023 0.974449
465 -0.900227 0.97579
466 -0.901408 0.977085
467 -0.902524 0.978375
468 -0.903599 0.979651
469 -0.904661 0.980891
470 -0.905708 0.982091
471 -0.906694 0.98325
472 -0.907692 0.98438
473 -0.90864 0.985491
474 -0.909547 0.98652
475 -0.910419 0.987529
476 -0.911247 0.988491
477 -0.912012 0.989423
478 -0.912757 0.990325
479 -0.913471 0.991189
480 -0.914132 0.991983
481 -0.914775 0.992763
482 -0.915375 0.993491
483 -0.915965 0.994153
484 -0.916501 0.994776
485 -0.917022 0.995379
486 -0.917504 0.995942
487 -0.917951 0.996463
488 -0.918365 0.99694
489 -0.918725 0.997378
490 -0.919042 0.997785
491 -0.919307 0.99816
492 -0.919549 0.998469
493 -0.919746 0.998764
494 -0.919911 0.999019
495 -0.920083 0.999234
496 -0.920208 0.999469
497 -0.920295 0.999646
498 -0.920348 0.999798
499 -0.920354 0.999923
500 -0.920341 0.999985
501 -0.920275 1.00001
502 -0.92016 1
503 -0.920016 0.999947
504 -0.919827 0.999868
505 -0.919593 0.99974
506 -0.919324 0.999592
507 -0.919044 0.999392
508 -0.918742 0.999154
509 -0.918405 0.998846
510 -0.918026 0.998501
511 -0.917635 0.998122
512 -0.917175 0.997697
513 -0.916668 0.997233
514 -0.916143 0.996738
515 -0.915566 0.996191
516 -0.914957 0.99562
517 -0.914293 0.995009
518 -0.913615 0.994315
519 -0.912888 0.993619
520 -0.912158 0.992876
521 -0.911381 0.992094
522 -0.910581 0.991297
523 -0.909751 0.990467
524 -0.90888 0.989607
525 -0.907973 0.988722
526 -0.907001 0.9878
527 -0.906 0.98685
528 -0.904945 0.985855
529 -0.90387 0.984825
530 -0.90276 0.983759
531 -0.901637 0.98264
532 -0.900462 0.981506
533 -0.899292 0.980353
534 -0.89806 0.979155
535 -0.896794 0.977914
536 -0.895488 0.976625
537 -0.894172 0.975276
538 -0.892779 0.973903
539 -0.891363 0.972475
540 -0.889915 0.970998
541 -0.888408 0.969502
542 -0.886873 0.967975
543 -0.885318 0.966431
544 -0.883749 0.964807
545 -0.882142 0.963127
546 -0.880519 0.961423
547 -0.878835 0.959653
548 -0.877142 0.957881
549 -0.875392 0.956056
550 -0.873576 0.954238
551 -0.871752 0.95237
552 -0.869886 0.950463
553 -0.867987 0.948518
554 -0.866057 0.946521
555 -0.864106 0.94451
556 -0.862096 0.94249
557 -0.86009 0.940415
558 -0.858065 0.938312
559 -0.855981 0.936203
560 -0.85387 0.934061
561 -0.851718 0.931885
562 -0.849527 0.929675
563 -0.84729 0.927432
564 -0.845017 0.925145
565 -0.842712 0.922822
566 -0.840379 0.920435
567 -0.838038 0.91803
568 -0.835666 0.915587
569 -0.83327 0.913143
570 -0.830853 0.910649
571 -0.828367 0.908091
572 -0.825846 0.905492
573 -0.823308 0.902858
574 -0.82073 0.900189
575 -0.818116 0.897488
576 -0.815459 0.894766
577 -0.812759 0.891986
578 -0.810067 0.889195
579 -0.807352 0.886341
580 -0.804605 0.883437
581 -0.801802 0.880518
582 -0.798982 0.877561
583 -0.796164 0.874578
584 -0.793278 0.871571
585 -0.790357 0.868539
586 -0.787381 0.865475
587 -0.784384 0.862365
588 -0.781363 0.859241
589 -0.778326 0.856088
590 -0.77527 0.852901
591 -0.772182 0.849685
592 -0.769078 0.846453
593 -0.765938 0.843209
594 -0.762759 0.839933
595 -0.759536 0.83664
596 -0.756286 0.833322
597 -0.752999 0.829983
598 -0.74969 0.826567
599 -0.746354 0.823125
600 -0.742992 0.819669
601 -0.739607 0.816168
602 -0.736216 0.81266
603 -0.732785 0.809125
604 -0.729313 0.805568
605 -0.725827 0.801952
606 -0.722313 0.798291
607 -0.718772 0.794611
608 -0.715163 0.790897
609 -0.711533 0.787154
610 -0.707898 0.783383
611 -0.704219 0.779585
612 -0.700551 0.775775
613 -0.696843 0.771873
614 -0.693129 0.767973
615 -0.689367 0.76404
616 -0.685594 0.760106
617 -0.681774 0.756136
618 -0.677926 0.752123
619 -0.674027 0.748084
620 -0.670111 0.74402
621 -0.666192 0.739901
622 -0.662268 0.735781
623 -0.658309 0.731638
624 -0.654334 0.727469
625 -0.650342 0.723298
626 -0.646305 0.719098
627 -0.642224 0.71487
628 -0.638147 0.710597
629 -0.634004 0.706296
630 -0.629857 0.701999
631 -0.625707 0.697687
632 -0.62151 0.693366
633 -0.61733 0.689035
634 -0.613122 0.684682
635 -0.608912 0.680296
636 -0.604622 0.675889
637 -0.600318 0.671475
638 -0.596006 0.667017
639 -0.591663 0.662538
640 -0.587293 0.658063
641 -0.582901 0.65358
642 -0.578513 0.649055
643 -0.57412 0.644531
644 -0.569705 0.639963
645 -0.565235 0.635354
646 -0.560749 0.630739
647 -0.556255 0.6261
648 -0.551746 0.621482
649 -0.547178 0.616815
650 -0.542609 0.612116
651 -0.538033 0.607403
652 -0.533463 0.602673
653 -0.528866 0.597927
654 -0.524251 0.593191
655 -0.519611 0.588428
656 -0.514937 0.583621
657 -0.510252 0.57879
658 -0.505535 0.573944
659 -0.500802 0.569094
660 -0.496092 0.564242
661 -0.491349 0.559387
662 -0.486608 0.554493
663 -0.481851 0.549568
664 -0.477049 0.544649
665 -0.472244 0.539703
666 -0.467393 0.534784
667 -0.462533 0.529831
668 -0.457682 0.524865
669 -0.45283 0.519868
670 -0.447976 0.514862
671 -0.443102 0.509881
672 -0.438212 0.504887
673 -0.433303 0.499878
674 -0.428358 0.494853
675 -0.423408 0.489801
676 -0.41845 0.484774
677 -0.413495 0.479739
678 -0.408564 0.474716
679 -0.403589 0.469658
680 -0.398602 0.464579
681 -0.393602 0.459524
682 -0.388589 0.454476
683 -0.383542 0.449427
684 -0.378539 0.444368
685 -0.373532 0.439296
686 -0.368505 0.434226
687 -0.36347 0.429187
688 -0.35843 0.42415
689 -0.353362 0.419081
690 -0.348303 0.414028
691 -0.343254 0.408977
692 -0.338218 0.403977
693 -0.333171 0.398941
694 -0.328124 0.39392
695 -0.323046 0.388896
696 -0.317957 0.383907
697 -0.312894 0.378943
698 -0.30786 0.373957
699 -0.302819 0.368976
700 -0.297779 0.364041
701 -0.292719 0.35913
702 -0.287651 0.35423
703 -0.282642 0.349312
704 -0.277636 0.344433
705 -0.272629 0.33959
706 -0.267603 0.334777
707 -0.262605 0.329957
708 -0.257648 0.325151
709 -0.252715 0.320407
710 -0.247772 0.315688
711 -0.242817 0.310994
712 -0.23791 0.306288
713 -0.233068 0.301668
714 -0.228213 0.297076
715 -0.223358 0.292501
716 -0.218571 0.287987
717 -0.213845 0.28353
718 -0.209106 0.279111
719 -0.204396 0.274837
720 -0.19979 0.270678
721 -0.195204 0.266581
722 -0.190638 0.262551
723 -0.186179 0.258592
724 -0.181762 0.254669
725 -0.177371 0.250835
726 -0.173116 0.247082
727 -0.168925 0.243357
728 -0.164792 0.239696
729 -0.160773 0.236159
730 -0.15682 0.232665
731 -0.15304 0.229261
732 -0.149302 0.226083
733 -0.14576 0.223123
734 -0.142306 0.220313
735 -0.139051 0.21757
736 -0.135908 0.21493
737 -0.132959 0.212391
738 -0.130187 0.209939
739 -0.127587 0.207631
740 -0.125243 0.205474
741 -0.123087 0.203729
742 -0.121157 0.202079
743 -0.119469 0.200592
744 -0.118075 0.199202
745 -0.116933 0.197925
746 -0.116038 0.196798
747 -0.115423 0.196027
748 -0.115092 0.195516
749 -0.115073 0.195131
750 -0.115348 0.194871
751 -0.115887 0.194741
752 -0.116677 0.194781
753 -0.11775 0.195227
754 -0.119118 0.195861
755 -0.120752 0.196601
756 -0.122603 0.197494
757 -0.124668 0.198486
758 -0.126998 0.199744
759 -0.129541 0.201301
760 -0.132244 0.203035
761 -0.135174 0.204843
762 -0.138269 0.206797
763 -0.141499 0.208851
764 -0.144913 0.211092
765 -0.148456 0.213648
766 -0.152132 0.21628
767 -0.155916 0.219075
768 -0.159816 0.221917
769 -0.163814 0.224849
770 -0.167918 0.22793
771 -0.172081 0.231115
772 -0.176379 0.234535
773 -0.180682 0.238011
774 -0.185108 0.24149
775 -0.189562 0.244974
776 -0.194082 0.248427
777 -0.198675 0.251894
778 -0.203278 0.255344
779 -0.207962 0.258794
780 -0.212705 0.262271
781 -0.217428 0.265723
782 -0.222214 0.269192
783 -0.22704 0.27263
784 -0.231873 0.276054
785 -0.236736 0.279464
786 -0.241662 0.282873
787 -0.246578 0.28628
788 -0.251497 0.289657
789 -0.256437 0.293043
790 -0.261442 0.296366
791 -0.266408 0.299684
792 -0.271398 0.303004
793 -0.276408 0.306276
794 -0.281454 0.309516
795 -0.28648 0.312781
796 -0.2915 0.316016
797 -0.296534 0.319253
798 -0.301593 0.322485
799 -0.306665 0.325691
800 -0.311721 0.328924
801 -0.316744 0.332141
802 -0.321818 0.335334
803 -0.326887 0.338501
804 -0.33196 0.341691
805 -0.336998 0.344891
806 -0.342047 0.34805
807 -0.347105 0.351218
808 -0.352157 0.354369
809 -0.357219 0.357472
810 -0.362262 0.362268
811 -0.367286 0.367307
812 -0.372303 0.372328
813 -0.37734 0.377332
814 -0.382361 0.382342
815 -0.387372 0.387362
816 -0.392383 0.392389
817 -0.397369 0.397411
818 -0.402352 0.402392
819 -0.407328 0.407349
820 -0.412332 0.412318
821 -0.417291 0.417246
822 -0.422231 0.422213
823 -0.427157 0.42716
824 -0.432075 0.432099
825 -0.43699 0.437031
826 -0.441914 0.441922
827 -0.446812 0.446797
828 -0.45168 0.451675
829 -0.456547 0.456527
830 -0.461377 0.461388
831 -0.466221 0.466256
832 -0.471044 0.471072
833 -0.47587 0.475881
834 -0.480685 0.480676
835 -0.485465 0.485442
836 -0.490205 0.490186
837 -0.494948 0.49493
838 -0.499682 0.499667
839 -0.504409 0.50441
840 -0.509119 0.50914
841 -0.513807 0.513812
842 -0.518473 0.518482
843 -0.523112 0.523127
844 -0.527737 0.527736
845 -0.532353 0.532337
846 -0.536963 0.536949
847 -0.541542 0.541528
848 -0.546111 0.546091
849 -0.55064 0.550641
850 -0.55516 0.555186
851 -0.559641 0.559676
852 -0.564125 0.564155
853 -0.568595 0.568588
854 -0.573056 0.573021
855 -0.577477 0.577455
856 -0.581887 0.581875
857 -0.586262 0.586255
858 -0.590617 0.590632
859 -0.594928 0.594975
860 -0.599252 0.599287
861 -0.603556 0.603562
862 -0.607855 0.607831
863 -0.612116 0.612082
864 -0.616333 0.616326
865 -0.620539 0.620537
866 -0.624711 0.624718
867 -0.628862 0.628888
868 -0.63301 0.633037
869 -0.637127 0.637159
870 -0.641244 0.641231
871 -0.645322 0.645279
872 -0.649341 0.649336
873 -0.653352 0.653344
874 -0.657358 0.65735
875 -0.661321 0.661336
876 -0.665272 0.6653
877 -0.669202 0.669223
878 -0.673116 0.673117
879 -0.676985 0.676981
880 -0.680832 0.680817
881 -0.684649 0.684643
882 -0.688438 0.688425
883 -0.692202 0.692205
884 -0.695939 0.695944
885 -0.699683 0.69968
886 -0.703376 0.703401
887 -0.707043 0.707056
888 -0.710694 0.710679
889 -0.71428 0.714286
890 -0.717859 0.717854
891 -0.721425 0.721403
892 -0.724952 0.724942
893 -0.728464 0.728454
894 -0.731952 0.73195
895 -0.735394 0.735406
896 -0.738815 0.738844
897 -0.742199 0.742205
898 -0.745551 0.74556
899 -0.7489 0.748896
900 -0.752209 0.752193
901 -0.755479 0.755449
902 -0.758748 0.758707
903 -0.76197 0.761967
904 -0.765151 0.765175
905 -0.768311 0.76834
906 -0.771429 0.771447
907 -0.77452 0.774548
908 -0.777612 0.777615
909 -0.780683 0.780633
910 -0.78368 0.783662
911 -0.786666 0.786647
912 -0.789631 0.789619
913 -0.792534 0.792562
914 -0.795427 0.79546
915 -0.79828 0.798313
916 -0.801122 0.801131
917 -0.803926 0.803924
918 -0.806706 0.806677
919 -0.809465 0.809429
920 -0.812159 0.812134
921 -0.814822 0.814825
922 -0.817459 0.817477
923 -0.820063 0.820105
924 -0.822668 0.822676
925 -0.825224 0.825235
926 -0.827753 0.827748
927 -0.830242 0.830225
928 -0.832696 0.832667
929 -0.835099 0.835097
930 -0.837488 0.837488
931 -0.839827 0.839869
932 -0.84217 0.842185
933 -0.844481 0.844482
934 -0.846741 0.846749
935 -0.84898 0.848991
936 -0.851185 0.851167
937 -0.853318 0.85333
938 -0.855437 0.85545
939 -0.857534 0.857528
940 -0.859603 0.859584
941 -0.861656 0.861628
942 -0.863658 0.863658
943 -0.86562 0.865626
944 -0.867536 0.867559
945 -0.869441 0.869438
946 -0.871292 0.871307
947 -0.873105 0.873129
948 -0.874905 0.874894
949 -0.876678 0.876645
950 -0.878429 0.878391
951 -0.880128 0.880106
952 -0.881766 0.881782
953 -0.883379 0.883425
954 -0.884976 0.884992
955 -0.886539 0.886537
956 -0.888047 0.88806
957 -0.889544 0.889538
958 -0.89101 0.890987
959 -0.892429 0.892404
960 -0.893819 0.893803
961 -0.895158 0.895169
962 -0.896467 0.896488
963 -0.897746 0.897766
964 -0.89898 0.899012
965 -0.900199 0.900213
966 -0.901391 0.901379
967 -0.902511 0.902514
968 -0.903643 0.903622
969 -0.904705 0.904695
970 -0.905746 0.905727
971 -0.906744 0.906736
972 -0.907699 0.90771
973 -0.908623 0.908647
974 -0.909508 0.909539
975 -0.910381 0.910391
976 -0.911217 0.911213
977 -0.912004 0.911985
978 -0.912762 0.912727
979 -0.913466 0.913448
980 -0.914133 0.914143
981 -0.914779 0.914801
982 -0.915393 0.915421
983 -0.915986 0.916002
984 -0.916529 0.916538
985 -0.917039 0.917042
986 -0.917502 0.917485
987 -0.917947 0.917897
988 -0.918316 0.918308
989 -0.918656 0.918683
990 -0.918998 0.919028
991 -0.919303 0.919311
992 -0.919574 0.919577
993 -0.919797 0.919786
994 -0.919962 0.919971
995 -0.920098 0.920107
996 -0.920208 0.920193
997 -0.920279 0.920267
998 -0.920328 0.92032
999 -0.920325 0.920346
1000 -0.920315 0.920318
1001 -0.920272 0.920255
1002 -0.920143 0.920143
1003 -0.920004 0.920002
1004 -0.919803 0.919827
1005 -0.919592 0.919612
1006 -0.919365 0.919369
1007 -0.919087 0.919067
1008 -0.918775 0.918763
1009 -0.918435 0.918423
1010 -0.91803 0.918025
1011 -0.917598 0.917613
1012 -0.917136 0.917152
1013 -0.916643 0.916651
1014 -0.916101 0.916133
1015 -0.91555 0.915563
1016 -0.914955 0.914924
1017 -0.914321 0.91428
1018 -0.913636 0.913612
1019 -0.912921 0.91293
1020 -0.912178 0.912197
1021 -0.911399 0.911415
1022 -0.910579 0.910606
1023 -0.909742 0.909738
1024 -0.908848 0.908852
1025 -0.907933 0.907914
1026 -0.906973 0.906933
1027 -0.905976 0.90596
1028 -0.904955 0.904947
1029 -0.903889 0.903893
1030 -0.90279 0.902807
1031 -0.901651 0.901688
1032 -0.900474 0.900505
1033 -0.899306 0.899284
1034 -0.898066 0.898041
1035 -0.896788 0.896768
1036 -0.895477 0.895457
1037 -0.894134 0.89414
1038 -0.892753 0.892765
1039 -0.891345 0.891367
1040 -0.889885 0.889912
1041 -0.888413 0.888428
1042 -0.886926 0.88691
1043 -0.885379 0.88535
1044 -0.883774 0.88377
1045 -0.882153 0.882145
1046 -0.880487 0.880488
1047 -0.878812 0.878832
1048 -0.877101 0.877117
1049 -0.875356 0.875365
1050 -0.873567 0.873579
1051 -0.871748 0.87173
1052 -0.869901 0.869892
1053 -0.867989 0.868004
1054 -0.866054 0.866064
1055 -0.864113 0.864106
1056 -0.862122 0.862118
1057 -0.860103 0.860111
1058 -0.858076 0.858066
1059 -0.855978 0.855969
1060 -0.853843 0.853843
1061 -0.851671 0.851693
1062 -0.849477 0.849504
1063 -0.847266 0.847269
1064 -0.84502 0.845004
1065 -0.842742 0.842714
1066 -0.840435 0.840416
1067 -0.838083 0.838081
1068 -0.835684 0.835696
1069 -0.833268 0.83329
1070 -0.830803 0.830834
1071 -0.828324 0.82834
1072 -0.825824 0.825815
1073 -0.823289 0.823257
1074 -0.820733 0.820696
1075 -0.818121 0.818103
1076 -0.815457 0.815473
1077 -0.812783 0.812824
1078 -0.810066 0.810112
1079 -0.807355 0.807369
1080 -0.804609 0.804604
1081 -0.801818 0.8018
1082 -0.798993 0.798946
1083 -0.796122 0.796099
1084 -0.793245 0.793245
1085 -0.790321 0.790351
1086 -0.787355 0.787403
1087 -0.784387 0.784405
1088 -0.781408 0.781398
1089 -0.778369 0.778344
1090 -0.7753 0.775264
1091 -0.772197 0.772167
1092 -0.769057 0.769049
1093 -0.765891 0.765912
1094 -0.762709 0.762737
1095 -0.759499 0.759539
1096 -0.756281 0.756295
1097 -0.753019 0.752996
1098 -0.749709 0.749686
1099 -0.746369 0.746344
1100 -0.743003 0.742991
1101 -0.739611 0.739621
1102 -0.736201 0.736224
1103 -0.732776 0.732799
1104 -0.729302 0.729326
1105 -0.725821 0.725803
1106 -0.722302 0.722278
1107 -0.718716 0.718713
1108 -0.715142 0.715128
1109 -0.711526 0.711529
1110 -0.707902 0.707902
1111 -0.704265 0.70426
1112 -0.700589 0.700609
1113 -0.696863 0.696875
1114 -0.69312 0.693112
1115 -0.689345 0.689344
1116 -0.685544 0.68555
1117 -0.681738 0.681723
1118 -0.677902 0.677883
1119 -0.674049 0.674046
1120 -0.670157 0.670165
1121 -0.666219 0.666255
1122 -0.662285 0.662291
1123 -0.658306 0.658301
1124 -0.654323 0.654313
1125 -0.650308 0.650286
1126 -0.646281 0.64627
1127 -0.64221 0.642197
1128 -0.638123 0.638117
1129 -0.634015 0.634038
1130 -0.629869 0.629905
1131 -0.625738 0.625722
1132 -0.621541 0.621526
1133 -0.617345 0.617322
1134 -0.613111 0.613093
1135 -0.608876 0.60885
1136 -0.604592 0.604603
1137 -0.600287 0.600321
1138 -0.595985 0.596015
1139 -0.591667 0.591665
1140 -0.587313 0.5873
1141 -0.582938 0.582913
1142 -0.578537 0.578525
1143 -0.574107 0.574109
1144 -0.569656 0.569674
1145 -0.5652 0.565219
1146 -0.560744 0.560769
1147 -0.556257 0.55624
1148 -0.551742 0.551707
1149 -0.547191 0.547182
1150 -0.542637 0.542644
1151 -0.538052 0.538082
1152 -0.533476 0.533476
1153 -0.528852 0.528866
1154 -0.524222 0.524223
1155 -0.519598 0.51957
1156 -0.514911 0.514899
1157 -0.51023 0.510225
1158 -0.505544 0.505553
1159 -0.500843 0.500841
1160 -0.496101 0.49611
1161 -0.491357 0.491367
1162 -0.486591 0.486589
1163 -0.481796 0.4818
1164 -0.477019 0.477007
1165 -0.47222 0.472216
1166 -0.467396 0.467408
1167 -0.462554 0.462568
1168 -0.45771 0.457706
1169 -0.45284 0.452843
1170 -0.447975 0.447953
1171 -0.443093 0.443074
1172 -0.438212 0.438201
1173 -0.433274 0.433291
1174 -0.428337 0.428358
1175 -0.423404 0.423416
1176 -0.418466 0.418461
1177 -0.413506 0.413501
1178 -0.408542 0.408544
1179 -0.403561 0.403592
1180 -0.398568 0.398593
1181 -0.393577 0.393571
1182 -0.388577 0.388562
1183 -0.383579 0.38355
1184 -0.378561 0.378545
1185 -0.373542 0.373532
1186 -0.368492 0.368513
1187 -0.36348 0.363462
1188 -0.358435 0.358408
1189 -0.35337 0.353367
1190 -0.348316 0.348326
1191 -0.343265 0.343281
1192 -0.338217 0.338232
1193 -0.333157 0.333133
1194 -0.328086 0.328079
1195 -0.32303 0.323036
1196 -0.317983 0.317995
1197 -0.312916 0.312917
1198 -0.307863 0.307853
1199 -0.302795 0.302801
1200 -0.297758 0.297768
1201 -0.292723 0.292719
1202 -0.287677 0.287671
1203 -0.282638 0.282621
1204 -0.277621 0.277624
1205 -0.272616 0.272616
1206 -0.267612 0.267602
1207 -0.262612 0.2626
1208 -0.257646 0.257652
1209 -0.252683 0.252694
1210 -0.24773 0.247746
1211 -0.242835 0.24282
1212 -0.237917 0.237938
1213 -0.233045 0.233064
1214 -0.228197 0.228183
1215 -0.223379 0.223371
1216 -0.21857 0.218586
1217 -0.213826 0.213807
1218 -0.209091 0.209098
1219 -0.204418 0.204418
1220 -0.199782 0.199753
1221 -0.195172 0.195188
1222 -0.190653 0.190651
1223 -0.186152 0.186154
1224 -0.181751 0.181744
1225 -0.177382 0.177383
1226 -0.173136 0.173129
1227 -0.168905 0.168896
1228 -0.16479 0.164798
1229 -0.160752 0.160753
1230 -0.15683 0.156841
1231 -0.153024 0.153003
1232 -0.149316 0.149332
1233 -0.145735 0.14575
1234 -0.142327 0.142301
1235 -0.139022 0.139034
1236 -0.135903 0.135895
1237 -0.132946 0.132929
1238 -0.130172 0.130164
1239 -0.127589 0.127594
1240 -0.125227 0.12522
1241 -0.123073 0.123067
1242 -0.121162 0.121148
1243 -0.119486 0.119473
1244 -0.118063 0.118067
1245 -0.116917 0.116908
1246 -0.116027 0.11603
1247 -0.115429 0.115431
1248 -0.115106 0.115109
1249 -0.115077 0.115073
1250 -0.115334 0.115322
1251 -0.115865 0.115854
1252 -0.116685 0.116669
1253 -0.117782 0.117752
1254 -0.119142 0.119106
1255 -0.120725 0.120719
1256 -0.122601 0.122583
1257 -0.124718 0.124696
1258 -0.127013 0.127011
1259 -0.129534 0.12954
1260 -0.132276 0.132257
1261 -0.135181 0.135173
1262 -0.138265 0.138259
1263 -0.14154 0.141522
1264 -0.144913 0.144906
1265 -0.148465 0.148454
1266 -0.152134 0.152136
1267 -0.155921 0.155897
1268 -0.15982 0.159821
1269 -0.163816 0.163803
1270 -0.167906 0.167909
1271 -0.172099 0.172088
1272 -0.176355 0.176357
1273 -0.180717 0.180698
1274 -0.185082 0.185114
1275 -0.189586 0.189556
1276 -0.194105 0.194101
1277 -0.198654 0.198663
1278 -0.203315 0.203302
1279 -0.207969 0.207977
1280 -0.212679 0.212678
1281 -0.217437 0.217442
1282 -0.222218 0.222211
1283 -0.227012 0.227032
1284 -0.231876 0.231885
1285 -0.236757 0.236744
1286 -0.241637 0.241634
1287 -0.246569 0.24657
1288 -0.25153 0.251481
1289 -0.256463 0.256454
1290 -0.261418 0.261436
1291 -0.266401 0.266431
1292 -0.271419 0.271408
1293 -0.276415 0.276432
1294 -0.281417 0.281463
1295 -0.286462 0.286485
1296 -0.291513 0.291504
1297 -0.296543 0.296563
1298 -0.301581 0.301614
1299 -0.30663 0.306651
1300 -0.311713 0.311698
1301 -0.316767 0.316768
1302 -0.321814 0.321832
1303 -0.326864 0.326886
1304 -0.331924 0.331921
1305 -0.337008 0.336996
1306 -0.342064 0.342066
1307 -0.347103 0.347112
1308 -0.352151 0.35216
1309 -0.357198 0.357197
1310 -0.362237 0.362256
1311 -0.367286 0.367303
1312 -0.372332 0.372341
1313 -0.377347 0.377341
1314 -0.382355 0.382365
1315 -0.387362 0.387389
1316 -0.392396 0.392406
1317 -0.39739 0.39738
1318 -0.402377 0.402355
1319 -0.40735 0.407333
1320 -0.41231 0.412312
1321 -0.417268 0.417277
1322 -0.422246 0.422224
1323 -0.42718 0.427158
1324 -0.432107 0.432075
1325 -0.436998 0.436993
1326 -0.441887 0.441917
1327 -0.446783 0.446812
1328 -0.451678 0.451691
1329 -0.456559 0.456544
1330 -0.46141 0.461404
1331 -0.466241 0.466251
1332 -0.471059 0.471072
1333 -0.475858 0.475879
1334 -0.480654 0.480659
1335 -0.485448 0.485428
1336 -0.490235 0.49019
1337 -0.49499 0.494958
1338 -0.499698 0.499705
1339 -0.5044 0.504419
1340 -0.509101 0.509135
1341 -0.513781 0.513804
1342 -0.518461 0.518453
1343 -0.523116 0.523114
1344 -0.52777 0.527764
1345 -0.532375 0.532367
1346 -0.53695 0.53695
1347 -0.541528 0.541524
1348 -0.546093 0.546075
1349 -0.550649 0.550637
1350 -0.555179 0.555159
1351 -0.559662 0.559676
1352 -0.564137 0.564158
1353 -0.568599 0.568612
1354 -0.573023 0.573047
1355 -0.577459 0.577478
1356 -0.581875 0.581871
1357 -0.586281 0.586249
1358 -0.590634 0.590612
1359 -0.594978 0.594967
1360 -0.599279 0.599275
1361 -0.603542 0.603568
1362 -0.60782 0.607846
1363 -0.612089 0.612098
1364 -0.616322 0.616333
1365 -0.620554 0.620543
1366 -0.624737 0.624709
1367 -0.628888 0.628865
1368 -0.63301 0.633026
1369 -0.637134 0.637127
1370 -0.641226 0.641238
1371 -0.645299 0.645315
1372 -0.649356 0.64936
1373 -0.653372 0.653357
1374 -0.657361 0.65734
1375 -0.661333 0.661313
1376 -0.665277 0.665288
1377 -0.669206 0.6692
1378 -0.673096 0.673124
1379 -0.676993 0.676995
1380 -0.68084 0.680834
1381 -0.684657 0.684633
1382 -0.68844 0.688421
1383 -0.692222 0.692206
1384 -0.695955 0.695971
1385 -0.699669 0.69969
1386 -0.703367 0.703365
1387 -0.70704 0.707029
1388 -0.710688 0.710682
1389 -0.714307 0.714282
1390 -0.717881 0.717881
1391 -0.721419 0.721435
1392 -0.724931 0.724959
1393 -0.728448 0.728471
1394 -0.731937 0.731936
1395 -0.735409 0.735376
1396 -0.738833 0.73881
1397 -0.742214 0.742217
1398 -0.745567 0.745578
1399 -0.748902 0.748891
1400 -0.752184 0.752205
1401 -0.755463 0.755479
1402 -0.758731 0.758729
1403 -0.761977 0.761943
1404 -0.765157 0.765166
1405 -0.768329 0.768313
1406 -0.77145 0.771458
1407 -0.774547 0.774557
1408 -0.777614 0.777619
1409 -0.780638 0.780636
1410 -0.783657 0.783661
1411 -0.78667 0.78668
1412 -0.789638 0.789624
1413 -0.792568 0.792553
1414 -0.795436 0.795454
1415 -0.798297 0.798289
1416 -0.801121 0.801112
1417 -0.803914 0.803913
1418 -0.806686 0.806692
1419 -0.809443 0.809458
1420 -0.812153 0.812154
1421 -0.814853 0.814831
1422 -0.817489 0.817483
1423 -0.820086 0.820074
1424 -0.822668 0.822656
1425 -0.825201 0.82521
1426 -0.827731 0.827732
1427 -0.830217 0.830232
1428 -0.832673 0.832709
1429 -0.835127 0.835115
1430 -0.83753 0.837489
1431 -0.839862 0.839855
1432 -0.842171 0.842162
1433 -0.844455 0.84447
1434 -0.846738 0.846744
1435 -0.848969 0.848986
1436 -0.85116 0.851172
1437 -0.853321 0.853327
1438 -0.855471 0.855455
1439 -0.857575 0.857551
1440 -0.85961 0.859617
1441 -0.861632 0.861644
1442 -0.863634 0.863646
1443 -0.865597 0.86561
1444 -0.867535 0.867544
1445 -0.869447 0.869442
1446 -0.87131 0.871298
1447 -0.873132 0.873111
1448 -0.874925 0.874925
1449 -0.876683 0.876691
1450 -0.878398 0.878426
1451 -0.880089 0.880101
1452 -0.881768 0.881759
1453 -0.883406 0.883389
1454 -0.88499 0.88497
1455 -0.886538 0.886543
1456 -0.888076 0.888067
1457 -0.889557 0.889539
1458 -0.890999 0.891004
1459 -0.892402 0.89242
1460 -0.893799 0.893808
1461 -0.895157 0.895158
1462 -0.896487 0.896476
1463 -0.897764 0.897753
1464 -0.899002 0.899003
1465 -0.900193 0.900196
1466 -0.901384 0.901376
1467 -0.902514 0.902541
1468 -0.903617 0.903622
1469 -0.904703 0.904702
1470 -0.905737 0.905744
1471 -0.906747 0.906746
1472 -0.907716 0.9077
1473 -0.908626 0.908621
1474 -0.909517 0.909511
1475 -0.910382 0.91037
1476 -0.911201 0.911217
1477 -0.911983 0.91201
1478 -0.912763 0.912756
1479 -0.913476 0.913457
1480 -0.914158 0.914148
1481 -0.914809 0.914792
1482 -0.915401 0.915396
1483 -0.915981 0.915976
1484 -0.91652 0.91653
1485 -0.917028 0.917044
1486 -0.917494 0.917502
1487 -0.917927 0.917912
1488 -0.918325 0.918319
1489 -0.918694 0.918677
1490 -0.91902 0.918999
1491 -0.919303 0.919305
1492 -0.919541 0.919568
1493 -0.919774 0.919788
1494 -0.919961 0.919984
1495 -0.920116 0.920096
1496 -0.920234 0.920204
1497 -0.92029 0.920294
1498 -0.920325 0.920332
1499 -0.920342 0.92035
1500 -0.920305 0.920317
1501 -0.920233 0.920244
1502 -0.920145 0.920141
1503 -0.919998 0.91999
1504 -0.919838 0.919805
1505 -0.919628 0.919593
1506 -0.919358 0.919374
1507 -0.919072 0.919104
1508 -0.918776 0.918781
1509 -0.918413 0.918416
1510 -0.918023 0.918018
1511 -0.917607 0.917574
1512 -0.917145 0.917132
1513 -0.916655 0.916647
1514 -0.916108 0.916121
1515 -0.915541 0.915565
1516 -0.914942 0.914962
1517 -0.914321 0.914299
1518 -0.913641 0.913616
1519 -0.912913 0.912922
1520 -0.91217 0.912168
1521 -0.91141 0.911401
1522 -0.910589 0.910595
1523 -0.909731 0.909744
1524 -0.908843 0.908865
1525 -0.907913 0.907909
1526 -0.906985 0.906956
1527 -0.905985 0.905963
1528 -0.904955 0.904933
1529 -0.903877 0.90391
1530 -0.902777 0.90281
1531 -0.901663 0.901663
1532 -0.900495 0.900484
1533 -0.899286 0.899286
1534 -0.89806 0.898042
1535 -0.896804 0.896772
1536 -0.895463 0.895477
1537 -0.894132 0.894141
1538 -0.892762 0.892766
1539 -0.891338 0.891344
1540 -0.889891 0.889905
1541 -0.888419 0.888414
1542 -0.886915 0.886901
1543 -0.885369 0.885347
1544 -0.883777 0.883787
1545 -0.882162 0.882167
1546 -0.880496 0.880509
1547 -0.8788 0.878809
1548 -0.877093 0.877101
1549 -0.875361 0.875339
1550 -0.873571 0.87356
1551 -0.871754 0.871748
1552 -0.869879 0.869893
1553 -0.867992 0.867985
1554 -0.866064 0.866065
1555 -0.864101 0.864117
1556 -0.86212 0.862134
1557 -0.860111 0.860111
1558 -0.858052 0.858051
1559 -0.855976 0.855963
1560 -0.853857 0.853834
1561 -0.851679 0.851686
1562 -0.849492 0.849501
1563 -0.847247 0.84729
1564 -0.845015 0.845027
1565 -0.842742 0.842743
1566 -0.840439 0.84042
1567 -0.838092 0.838054
1568 -0.835696 0.835664
1569 -0.833264 0.83326
1570 -0.830801 0.830822
1571 -0.828315 0.828346
1572 -0.825821 0.825846
1573 -0.823273 0.823287
1574 -0.820715 0.820699
1575 -0.81812 0.818086
1576 -0.815473 0.815445
1577 -0.812804 0.812785
1578 -0.810085 0.810116
1579 -0.807333 0.807381
1580 -0.804591 0.8046
1581 -0.801798 0.801789
1582 -0.798986 0.798973
1583 -0.79614 0.796109
1584 -0.793257 0.793228
1585 -0.790324 0.790325
1586 -0.787356 0.787382
1587 -0.784384 0.784406
1588 -0.781382 0.781396
1589 -0.778351 0.778354
1590 -0.775283 0.775282
1591 -0.772202 0.772178
1592 -0.769073 0.769053
1593 -0.765913 0.765923
1594 -0.76272 0.762734
1595 -0.759502 0.759504
1596 -0.756274 0.756278
1597 -0.753009 0.752993
1598 -0.749695 0.749702
1599 -0.746382 0.746374
1600 -0.743001 0.743008
1601 -0.73962 0.73962
1602 -0.736215 0.736209
1603 -0.732775 0.732765
1604 -0.729301 0.72929
1605 -0.725808 0.725807
1606 -0.722285 0.722298
1607 -0.718733 0.718732
1608 -0.715133 0.715137
1609 -0.711519 0.711531
1610 -0.707893 0.707895
1611 -0.704263 0.704255
1612 -0.700589 0.700577
1613 -0.696866 0.696876
1614 -0.693113 0.693111
1615 -0.689346 0.689343
1616 -0.685539 0.685553
1617 -0.681719 0.681723
1618 -0.677881 0.677899
1619 -0.674044 0.674036
1620 -0.670157 0.670151
1621 -0.666244 0.66623
1622 -0.66229 0.662282
1623 -0.658303 0.658309
1624 -0.654328 0.654325
1625 -0.6503 0.650309
1626 -0.64627 0.646274
1627 -0.642202 0.642194
1628 -0.638126 0.638118
1629 -0.634011 0.634012
1630 -0.629868 0.629882
1631 -0.625719 0.62573
1632 -0.621557 0.621558
1633 -0.617355 0.617334
1634 -0.613114 0.613095
1635 -0.608871 0.60886
1636 -0.604593 0.604585
1637 -0.600284 0.600306
1638 -0.595969 0.596002
1639 -0.591643 0.591657
1640 -0.587308 0.587313
1641 -0.58295 0.58292
1642 -0.57853 0.57853
1643 -0.574116 0.574119
1644 -0.569672 0.56968
1645 -0.565202 0.565205
1646 -0.560739 0.560724
1647 -0.556242 0.556228
1648 -0.551724 0.551709
1649 -0.547191 0.547182
1650 -0.542623 0.542643
1651 -0.538051 0.538076
1652 -0.533477 0.533469
1653 -0.528865 0.528851
1654 -0.524237 0.524219
1655 -0.519587 0.519572
1656 -0.514922 0.514919
1657 -0.510213 0.510235
1658 -0.505532 0.505546
1659 -0.500823 0.500807
1660 -0.496093 0.49609
1661 -0.491349 0.49136
1662 -0.486581 0.486601
1663 -0.481793 0.481822
1664 -0.477013 0.477021
1665 -0.472211 0.472214
1666 -0.467424 0.467396
1667 -0.462578 0.462569
1668 -0.457713 0.457705
1669 -0.452842 0.452831
1670 -0.44797 0.44795
1671 -0.44308 0.443076
1672 -0.438204 0.438194
1673 -0.433262 0.433276
1674 -0.428323 0.428347
1675 -0.423384 0.423414
1676 -0.418449 0.418463
1677 -0.413502 0.413528
1678 -0.408552 0.408538
1679 -0.403566 0.403553
1680 -0.398578 0.398567
1681 -0.393573 0.393588
1682 -0.388593 0.388579
1683 -0.383576 0.383566
1684 -0.37855 0.378541
1685 -0.373517 0.37351
1686 -0.368484 0.368496
1687 -0.363457 0.363459
1688 -0.35843 0.358397
1689 -0.353381 0.353355
1690 -0.348308 0.348312
1691 -0.34327 0.343269
1692 -0.338214 0.338202
1693 -0.333163 0.333142
1694 -0.328099 0.328096
1695 -0.323024 0.323032
1696 -0.317981 0.317958
1697 -0.312935 0.312906
1698 -0.307858 0.307856
1699 -0.302801 0.302808
1700 -0.297766 0.297745
1701 -0.292733 0.292714
1702 -0.287681 0.28768
1703 -0.282638 0.282637
1704 -0.277624 0.277615
1705 -0.272626 0.272605
1706 -0.267604 0.267613
1707 -0.262607 0.262607
1708 -0.257646 0.25764
1709 -0.252675 0.25268
1710 -0.247724 0.247732
1711 -0.242819 0.242832
1712 -0.237915 0.23792
1713 -0.233032 0.233029
1714 -0.228206 0.228184
1715 -0.223375 0.223359
1716 -0.218562 0.218583
1717 -0.213824 0.213828
1718 -0.209076 0.20909
1719 -0.204418 0.204411
1720 -0.199784 0.19976
1721 -0.195181 0.1952
1722 -0.190643 0.190641
1723 -0.186159 0.186162
1724 -0.181752 0.181732
1725 -0.177385 0.177394
1726 -0.173106 0.173101
1727 -0.168901 0.1689
1728 -0.164795 0.164798
1729 -0.160758 0.160749
1730 -0.156829 0.156843
1731 -0.153011 0.153012
1732 -0.149326 0.149322
1733 -0.145743 0.145753
1734 -0.142316 0.142319
1735 -0.139017 0.139021
1736 -0.135896 0.135897
1737 -0.132932 0.132937
1738 -0.130164 0.130166
1739 -0.1276 0.127588
1740 -0.125222 0.125218
1741 -0.12307 0.123067
1742 -0.121163 0.121161
1743 -0.119483 0.119487
1744 -0.11808 0.118059
1745 -0.116927 0.116915
1746 -0.116036 0.116024
1747 -0.115421 0.115423
1748 -0.115107 0.115104
1749 -0.115064 0.115081
1750 -0.115325 0.11533
1751 -0.115855 0.115864
1752 -0.116671 0.116685
1753 -0.117762 0.117761
1754 -0.119122 0.119117
1755 -0.12074 0.120733
1756 -0.122583 0.122593
1757 -0.124671 0.124702
1758 -0.127007 0.127016
1759 -0.129529 0.129528
1760 -0.132256 0.132264
1761 -0.135189 0.135175
1762 -0.138279 0.13828
1763 -0.141514 0.141523
1764 -0.144915 0.144909
1765 -0.148447 0.14845
1766 -0.152126 0.152124
1767 -0.155906 0.155896
1768 -0.15981 0.15982
1769 -0.163805 0.163798
1770 -0.167903 0.167924
1771 -0.172105 0.172105
1772 -0.176343 0.176357
1773 -0.180706 0.180695
1774 -0.185101 0.185117
1775 -0.189581 0.189563
1776 -0.194087 0.194102
1777 -0.198678 0.198664
1778 -0.2033 0.203321
1779 -0.20797 0.207999
1780 -0.21267 0.212677
1781 -0.217439 0.21743
1782 -0.222222 0.22221
1783 -0.227031 0.22704
1784 -0.231893 0.231884
1785 -0.236745 0.236759
1786 -0.241656 0.241658
1787 -0.246569 0.246583
1788 -0.251496 0.251511
1789 -0.256444 0.256448
1790 -0.261424 0.261429
1791 -0.266401 0.266406
1792 -0.271421 0.271397
1793 -0.276423 0.276419
1794 -0.281443 0.281442
1795 -0.28648 0.286459
1796 -0.291521 0.291497
1797 -0.296554 0.296542
1798 -0.3016 0.301611
1799 -0.306651 0.306636
1800 -0.311724 0.311693
1801 -0.316771 0.316769
1802 -0.321816 0.321834
1803 -0.32689 0.326882
1804 -0.331957 0.331937
1805 -0.336995 0.337002
1806 -0.342062 0.342066
1807 -0.347117 0.347108
1808 -0.352182 0.352149
1809 -0.357217 0.3572
1810 -0.362251 0.362246
1811 -0.367304 0.367294
1812 -0.372326 0.372313
1813 -0.377341 0.377333
1814 -0.382356 0.38235
1815 -0.387369 0.387374
1816 -0.392374 0.392381
1817 -0.397389 0.397386
1818 -0.402375 0.402364
1819 -0.407335 0.407339
1820 -0.412314 0.412326
1821 -0.417283 0.417292
1822 -0.422225 0.422236
1823 -0.427158 0.427176
1824 -0.432084 0.432091
1825 -0.437009 0.43701
1826 -0.441919 0.441928
1827 -0.446837 0.446821
1828 -0.451693 0.451693
1829 -0.456549 0.456538
1830 -0.461404 0.4614
1831 -0.466233 0.466223
1832 -0.471068 0.471047
1833 -0.47587 0.475877
1834 -0.480657 0.48067
1835 -0.485433 0.485457
1836 -0.490211 0.490212
1837 -0.494968 0.494968
1838 -0.499721 0.499707
1839 -0.504412 0.504426
1840 -0.509125 0.509136
1841 -0.513798 0.513802
1842 -0.518469 0.518462
1843 -0.523122 0.523114
1844 -0.527748 0.527756
1845 -0.532348 0.532375
1846 -0.536947 0.536946
1847 -0.541544 0.541527
1848 -0.546102 0.546089
1849 -0.55064 0.550637
1850 -0.555165 0.555165
1851 -0.559675 0.559687
1852 -0.564155 0.564169
1853 -0.568621 0.568612
1854 -0.573058 0.573043
1855 -0.577476 0.577466
1856 -0.581867 0.581865
1857 -0.586237 0.586266
1858 -0.59062 0.590623
1859 -0.594965 0.594943
1860 -0.599273 0.599274
1861 -0.603587 0.603562
1862 -0.607846 0.607841
1863 -0.612104 0.612116
1864 -0.616329 0.616363
1865 -0.620534 0.620545
1866 -0.624728 0.624709
1867 -0.628887 0.628865
1868 -0.633008 0.633013
1869 -0.637126 0.637124
1870 -0.641235 0.641235
1871 -0.645311 0.64531
1872 -0.649368 0.649368
1873 -0.653375 0.653377
1874 -0.657366 0.657359
1875 -0.661319 0.661332
1876 -0.66527 0.665292
1877 -0.669204 0.669223
1878 -0.673124 0.673093
1879 -0.676987 0.676969
1880 -0.680824 0.680821
1881 -0.684641 0.684628
1882 -0.688455 0.688439
1883 -0.692227 0.692236
1884 -0.695957 0.695996
1885 -0.699677 0.699692
1886 -0.703366 0.70337
1887 -0.707024 0.70702
1888 -0.710672 0.710653
1889 -0.714287 0.714282
1890 -0.717895 0.717868
1891 -0.721458 0.721433
1892 -0.724976 0.724972
1893 -0.728456 0.728484
1894 -0.731922 0.731946
1895 -0.735385 0.73539
1896 -0.738811 0.738814
1897 -0.742216 0.742219
1898 -0.745571 0.74557
1899 -0.748907 0.74889
1900 -0.752209 0.75221
1901 -0.755476 0.755483
1902 -0.758752 0.758747
1903 -0.761966 0.761961
1904 -0.765133 0.765163
1905 -0.768308 0.768329
1906 -0.771441 0.771456
1907 -0.774552 0.774535
1908 -0.777631 0.777612
1909 -0.780674 0.780654
1910 -0.7837 0.78367
1911 -0.786668 0.786668
1912 -0.789596 0.789632
1913 -0.792527 0.792567
1914 -0.795438 0.795448
1915 -0.798298 0.798303
1916 -0.801143 0.801128
1917 -0.803943 0.803918
1918 -0.806706 0.806687
1919 -0.809446 0.809444
1920 -0.812154 0.812167
1921 -0.814811 0.814841
1922 -0.817459 0.817476
1923 -0.820111 0.820083
1924 -0.82268 0.822674
1925 -0.825221 0.825225
1926 -0.827746 0.827762
1927 -0.830234 0.830224
1928 -0.832683 0.832673
1929 -0.835104 0.835104
1930 -0.837497 0.837479
1931 -0.839853 0.839872
1932 -0.842178 0.842192
1933 -0.844474 0.844497
1934 -0.846745 0.84675
1935 -0.848973 0.848966
1936 -0.85118 0.851154
1937 -0.85334 0.853315
1938 -0.855436 0.855432
1939 -0.857527 0.857546
1940 -0.859608 0.859629
1941 -0.861656 0.861658
1942 -0.863662 0.863667
1943 -0.865624 0.865629
1944 -0.867546 0.867544
1945 -0.869434 0.869415
1946 -0.871277 0.871274
1947 -0.873122 0.873113
1948 -0.874916 0.87493
1949 -0.876683 0.876703
1950 -0.878433 0.878417
1951 -0.880102 0.880108
1952 -0.88177 0.881767
1953 -0.883386 0.883394
1954 -0.884995 0.884978
1955 -0.886525 0.886549
1956 -0.888048 0.888048
1957 -0.889558 0.889535
1958 -0.891006 0.89101
1959 -0.892422 0.892426
1960 -0.893817 0.893814
1961 -0.895165 0.895166
1962 -0.896469 0.896489
1963 -0.897757 0.897758
1964 -0.898996 0.89898
1965 -0.900191 0.900205
1966 -0.901366 0.901373
1967 -0.902529 0.902511
1968 -0.903641 0.90362
1969 -0.904714 0.904708
1970 -0.905745 0.905759
1971 -0.906731 0.906762
1972 -0.90768 0.907694
1973 -0.908613 0.908617
1974 -0.909518 0.909497
1975 -0.910397 0.910366
1976 -0.91122 0.911212
1977 -0.911996 0.912005
1978 -0.912753 0.912757
1979 -0.913465 0.913492
1980 -0.914134 0.914149
1981 -0.91481 0.914774
1982 -0.915399 0.915403
1983 -0.91598 0.915976
1984 -0.916531 0.91652
1985 -0.917029 0.917034
1986 -0.917503 0.917493
1987 -0.917941 0.917928
1988 -0.918323 0.918337
1989 -0.918687 0.918707
1990 -0.919015 0.919013
1991 -0.919297 0.919292
1992 -0.919552 0.919557
1993 -0.919778 0.91978
1994 -0.919965 0.919953
1995 -0.920119 0.920101
1996 -0.920227 0.920215
1997 -0.920293 0.920303
1998 -0.920315 0.920344
